2.56951e+06		23.044		251.737		0		0		0.25		0.75		0.5		0.25		29037		44.9575		56.0675		1.5275
2.57751e+06		23.516		251.618		0.25		0		0.25		1.75		0.5		0.25		29222.2		44.4625		56.51		1.545
2.58551e+06		23.987		251.497		0		0		0.25		0		0		0		29408.2		43.97		56.9525		1.5575
2.59351e+06		24.459		251.377		0		0.25		0		0.25		0		0		29594.1		43.49		57.39		1.5725
2.60151e+06		24.93		251.256		0		0.5		0		0.25		0.25		0		29779.9		43.01		57.815		1.5875
2.60951e+06		25.402		251.133		0		0.25		0		1		0.5		0		29964.5		42.5425		58.25		1.605
2.61751e+06		25.873		251.011		0		0.25		0.5		1		0		0		30149.6		42.075		58.67		1.62
2.62551e+06		26.3442		250.887		0		0.5		0.5		2.5		1.5		0.5		30334.7		41.615		59.0925		1.6375
2.63351e+06		26.8155		250.763		0		0		0		1.25		0.75		0.25		30518.7		41.1625		59.5075		1.655
2.64151e+06		27.2865		250.638		0.25		0.25		0		1.75		0		0		30702.4		40.7175		59.9225		1.675
2.64951e+06		27.7575		250.513		0.25		0		0.5		1.75		0.5		0.25		30886.3		40.275		60.3275		1.69
2.65751e+06		28.2285		250.386		0.25		0		0		2.5		1		0.75		31068.8		39.8375		60.7375		1.71
2.66551e+06		28.6993		250.259		0.25		0.5		0.25		2.5		1.25		0.5		31251.4		39.41		61.1325		1.73
2.67351e+06		29.1698		250.131		0		0		0.5		2.75		1		0.75		31433.4		38.9875		61.535		1.75
2.68151e+06		29.6405		250.002		0		0.25		0		1.25		0.25		0.25		31614.1		38.5675		61.9275		1.77
2.68951e+06		30.1108		249.872		0.25		0.25		0.75		3.25		0.75		0.25		31794.8		38.1575		62.3175		1.79
2.69751e+06		30.5815		249.741		0.25		0		0.5		2.75		1.5		0.5		31974.2		37.7475		62.7		1.8125
2.70551e+06		31.0515		249.609		0		0.75		0.25		2.25		0.75		0		32153.5		37.3475		63.09		1.835
2.71351e+06		31.522		249.477		0		0.25		0.25		2		1		0.5		32331.2		36.9475		63.465		1.86
2.72151e+06		31.992		249.343		0		0.25		0		2.75		1.25		0.75		32508.6		36.555		63.8375		1.88
2.72951e+06		32.462		249.209		0		0		0.25		3		0.75		0.25		32685		36.17		64.2125		1.9075
2.73751e+06		32.932		249.073		0		0		0.25		7.25		1.25		0.25		32860.1		35.7875		64.5825		1.93
4.66551e+06		31.6838		72.194		0		0		0.25		0.75		0.75		0.75		32850.8		42.965		131.6		1.3275
4.67351e+06		31.2148		72.0615		0		0		0		0.25		0.25		0		32669.2		43.6275		132.268		1.315
4.68151e+06		30.7455		71.9295		0.25		0		0		0.5		0.5		0.5		32487.5		44.295		132.945		1.305
4.68951e+06		30.2762		71.7988		0		0		0		0.75		0.75		0.5		32305.9		44.975		133.63		1.2925
4.69751e+06		29.807		71.6685		0		0		0		0.25		0.25		0.25		32124.4		45.66		134.32		1.2825
4.70551e+06		29.3375		71.5395		0		0.25		0		0.25		0.25		0		31943.2		46.36		135.027		1.27
4.71351e+06		28.868		71.4113		0		0.25		0		0.25		0		0		31762.2		47.0675		135.74		1.26
4.72151e+06		28.3983		71.284		0		0.25		0.25		0.5		0.5		0.5		31581.8		47.785		136.462		1.25
4.72951e+06		27.9285		71.1575		0		0		0		0.25		0.25		0		31402		48.515		137.195		1.24
4.73751e+06		27.4588		71.0318		0		0		0		1.25		1.25		0.5		31222.7		49.2525		137.94		1.23
4.74551e+06		26.989		70.9068		0.25		0		0.25		0.25		0.25		0.25		31044.2		50.0025		138.69		1.2225
4.75351e+06		26.519		70.7825		0		0.25		0.25		0.5		0.5		0		30866.6		50.76		139.45		1.215
4.76151e+06		26.049		70.6592		0.5		0		0.25		0.25		0		0		30689.8		51.53		140.225		1.205
4.76951e+06		25.5787		70.5365		0		0		0.25		0.25		0.25		0.25		30514.2		52.31		141.005		1.1975
4.77751e+06		25.1085		70.4145		0		0		0		0.25		0.25		0.25		30339.8		53.1		141.8		1.19
4.78551e+06		24.6385		70.2933		0		0		0.25		0.25		0.25		0.25		30166.6		53.9		142.603		1.18
4.79351e+06		24.168		70.1722		0		0.25		0		0.5		0.25		0.25		29994.8		54.715		143.413		1.1725
4.80151e+06		23.6975		70.052		0.25		0		0		0		0		0		29824.6		55.54		144.235		1.1675
4.80951e+06		23.227		69.933		0		0		0		0.25		0		0		29655.6		56.375		145.065		1.16
4.81751e+06		22.7565		69.814		0		0		0		0.5		0.5		0.25		29487.7		57.2175		145.905		1.155
4.82551e+06		22.2857		69.696		0		0.25		0.25		0.5		0.25		0		29322.7		58.075		146.76		1.15
4.83351e+06		21.8153		69.578		0.25		0		0		0.25		0.25		0.25		29159.7		58.9425		147.622		1.14
7.33751e+06		-53		247.386		0.25		0.25		0.75		433.5		74		6.25		30371.8		157.375		73.55		2.1775
7.34551e+06		-52.542		247.157		0.25		0		0.25		343.5		58.25		3.25		30270.1		157.095		73.255		2.15
7.35351e+06		-52.084		246.931		0.25		0.5		0.25		319.5		34.625		3.75		30167.6		156.815		72.95		2.1225
7.36151e+06		-51.6253		246.71		0.5		0		0.75		291.5		23.5		0.75		30064.3		156.53		72.6525		2.0975
7.36951e+06		-51.1665		246.492		0		0.25		0.25		252.5		28.625		0.25		29960.1		156.24		72.345		2.07
7.37751e+06		-50.707		246.277		0.5		0		0.5		185.5		25.375		0		29854.8		155.943		72.035		2.045
7.38551e+06		-50.2475		246.066		0		0.25		0.75		134.25		16		0.5		29749.5		155.647		71.725		2.0225
7.39351e+06		-49.7875		245.859		0.25		0		0.25		99.75		9.5		0.25		29643.1		155.342		71.415		1.9975
7.40151e+06		-49.3272		245.655		0		0.25		0		80.125		7.25		1.5		29536		155.037		71.09		1.9725
7.40951e+06		-48.8665		245.453		0.25		0.75		0.5		51.25		4.25		0.5		29428.2		154.72		70.775		1.95
7.41751e+06		-48.4058		245.256		0		0.5		0.5		49		4		1		29319.7		154.407		70.45		1.9275
7.42551e+06		-47.9447		245.061		0.5		0		0.5		36.375		3		0.75		29210.8		154.088		70.1275		1.905
7.43351e+06		-47.483		244.868		0		0		1		24.75		3.5		1.5		29100.6		153.758		69.795		1.885
8.73751e+06		29.1938		224.86		0		0.5		0		2.75		0.75		0.5		29088.7		44.3925		58.795		1.5525
8.74551e+06		29.6642		224.732		0		0.25		0.5		0.75		0.75		0		29250.9		43.955		59.185		1.565
8.75351e+06		30.1348		224.602		0		0		0.25		1.25		0.5		0.5		29414.2		43.525		59.57		1.5825
8.76151e+06		30.6052		224.471		0		0		0		0.5		0.25		0.25		29577.2		43.0975		59.9525		1.595
8.76951e+06		31.0755		224.339		0		0.5		0.5		1.5		0.75		0.25		29741.2		42.675		60.33		1.6125
8.77751e+06		31.5455		224.206		0.25		0		0.25		2		0.75		0.5		29904.6		42.26		60.71		1.63
8.78551e+06		32.016		224.072		0		0.25		0.25		2.5		0.75		0.75		30069.4		41.8475		61.08		1.645
8.79351e+06		32.4857		223.938		0		0		0.25		2.25		1.25		0.25		30233.2		41.44		61.4475		1.665
8.80151e+06		32.9555		223.802		0.25		0		0		3.5		1.25		0.75		30397.9		41.04		61.81		1.6825
8.80951e+06		33.4255		223.665		0.25		0		0.25		3.5		1		0.5		30562.6		40.6475		62.1675		1.7
8.81751e+06		33.895		223.527		0		0		0		3.5		1.25		0.25		30727.2		40.2575		62.53		1.72
8.82551e+06		34.3645		223.387		0		0.25		0.5		4		1.25		0.75		30892.1		39.8675		62.88		1.74
8.83351e+06		34.834		223.247		0		0.25		0.5		3.75		1.5		0.5		31056.7		39.49		63.235		1.76
8.84151e+06		35.303		223.105		0.25		0.25		1		3		1.25		0.5		31221.2		39.11		63.58		1.78
8.84951e+06		35.7723		222.963		0.25		0.5		0		3.25		1		0.25		31385.7		38.74		63.925		1.8
8.85751e+06		36.241		222.819		0.25		0.25		0.25		3.25		1.75		0.25		31550.4		38.3675		64.2675		1.82
8.86551e+06		36.71		222.673		0.25		0.25		0.5		4.75		3		1.75		31714.2		38.005		64.6025		1.845
8.87351e+06		37.1785		222.526		0		0.5		0.5		3		1		0.25		31878.2		37.645		64.9375		1.8675
8.88151e+06		37.6475		222.378		0		0.25		0.5		4.25		1		0.25		32042		37.285		65.27		1.89
8.88951e+06		38.1155		222.228		0		0		0.75		3.25		1		0		32205.3		36.9325		65.5975		1.915
8.89751e+06		38.5835		222.077		0.25		0.75		0		3.75		1		0.5		32368.4		36.585		65.9275		1.94
8.90551e+06		39.0515		221.924		0.25		0.75		0.5		5		1.25		0.25		32530.7		36.2375		66.2475		1.9675
8.91351e+06		39.5195		221.77		0.25		0.25		0.25		7.25		2		0.5		32692.9		35.895		66.57		1.99
8.92151e+06		39.9875		221.614		0.25		0.5		0.5		10		1.5		0.75		32854.6		35.555		66.89		2.0175
1.06335e+07		37.2795		48.6045		0		0		0.5		0.25		0.25		0.25		32950.3		36.315		125.122		1.55
1.06415e+07		36.8115		48.4577		0		0.25		0		0.5		0.5		0.5		32789.1		36.8525		125.68		1.535
1.06495e+07		36.344		48.3122		0		0		0.25		0.5		0.5		0.5		32626.3		37.4		126.24		1.515
1.06575e+07		35.8765		48.168		0		0.25		0		0.75		0.75		0.75		32462.5		37.96		126.807		1.5
1.06655e+07		35.4085		48.025		0		0.25		0.5		0.5		0.5		0.5		32298.3		38.525		127.39		1.485
1.06735e+07		34.9403		47.8835		0		0.5		0.25		0		0		0		32134		39.1025		127.975		1.47
1.06815e+07		34.4715		47.7425		0		0		0.5		0.25		0.25		0.25		31967.8		39.685		128.575		1.455
1.06895e+07		34.0035		47.6037		0		0		0		1		0.75		0		31800.9		40.2775		129.177		1.44
1.06975e+07		33.5345		47.4655		0		0.5		0		0.75		0.75		0.5		31633.2		40.8825		129.795		1.425
1.07055e+07		33.0662		47.329		0		0		0.25		0.25		0.25		0.25		31464.9		41.4925		130.415		1.4125
1.07135e+07		32.5975		47.1927		0		0		0.25		0.75		0.75		0.25		31297		42.1125		131.05		1.3975
1.07215e+07		32.1287		47.058		0		0.25		0.5		0.25		0.25		0		31127.9		42.745		131.693		1.385
1.07295e+07		31.6597		46.9242		0		0.25		0		0.5		0.5		0.25		30957.9		43.39		132.345		1.3725
1.07375e+07		31.1908		46.7915		0		0		0		0		0		0		30787.4		44.0375		133.007		1.3575
1.07455e+07		30.7213		46.6595		0		0.25		0		0.25		0.25		0		30616.5		44.7		133.68		1.345
1.07535e+07		30.2523		46.5288		0		0		0.25		0.25		0		0		30445.3		45.3725		134.363		1.335
1.07615e+07		29.7828		46.3988		0		0		0		1		1		0.25		30273.8		46.0525		135.055		1.325
1.07695e+07		29.3135		46.27		0		0.5		0		0		0		0		30102		46.7425		135.758		1.315
1.07775e+07		28.844		46.1417		0		0.25		0.75		0		0		0		29930.1		47.4475		136.47		1.3025
1.07855e+07		28.3743		46.0142		0		0.25		0.5		0		0		0		29758.1		48.16		137.195		1.2925
1.07935e+07		27.9045		45.888		0		0.25		0		0.25		0.25		0.25		29586.1		48.885		137.93		1.2825
1.08015e+07		27.4347		45.762		0		0.5		0		0.75		0.5		0.5		29414.1		49.62		138.678		1.2725
1.08095e+07		26.965		45.6375		0		0.25		0.25		1		0.5		0		29242.3		50.3675		139.435		1.2625
1.08175e+07		26.495		45.5132		0		0		0.25		1.25		1		0.75		29070.8		51.125		140.2		1.2525
1.35295e+07		-45.6098		218.854		0		0		0.25		85.875		3		0.75		32937.5		157.79		72.2425		2.06
1.35375e+07		-45.147		218.674		0.25		0.25		0.5		40.125		1.5		0		32814.6		157.428		71.89		2.0325
1.35455e+07		-44.684		218.497		0.25		0.25		0.25		30.25		2.75		1.25		32691.3		157.065		71.535		2.0075
1.35535e+07		-44.221		218.322		0		0		0.75		29		3.75		0.75		32566.8		156.695		71.1825		1.9825
1.35615e+07		-43.757		218.15		0.25		0.75		0.5		17.75		2.5		0.5		32440.9		156.32		70.83		1.96
1.35695e+07		-43.294		217.98		0		0		0		10.25		1.5		0.25		32314.3		155.945		70.465		1.935
1.35775e+07		-42.83		217.811		0		0.75		0.25		12.75		4.5		1.75		32185.9		155.56		70.1		1.91
1.35855e+07		-42.3655		217.645		0.25		0.25		0.5		10.25		1.5		0.5		32057.3		155.175		69.74		1.89
1.35935e+07		-41.901		217.481		0.5		0		0.25		10.5		2.25		0.75		31927.8		154.785		69.3725		1.865
1.36015e+07		-41.4368		217.318		0.25		0.75		0.25		11.25		2.5		0.25		31797		154.39		69		1.845
1.36095e+07		-40.972		217.157		0		0.75		1.25		9.5		2.5		0.25		31665.6		153.988		68.6275		1.8225
1.36175e+07		-40.5068		216.999		0		0		0		7		1		0.5		31533.6		153.582		68.255		1.8
1.36255e+07		-40.0417		216.841		0		0.5		0.25		6		2.25		0		31400.3		153.173		67.8725		1.78
1.36335e+07		-39.5762		216.686		0		0		0.75		8		1.5		0.25		31266.6		152.758		67.495		1.76
1.36415e+07		-39.1107		216.531		0		0		0		6.75		2.75		0.75		31131.6		152.335		67.105		1.745
1.36495e+07		-38.645		216.379		0		0.25		0.25		9.25		3		0.25		30996.5		151.913		66.7175		1.725
1.36575e+07		-38.179		216.229		0.5		1.25		0.25		6.75		1.75		0.5		30860.9		151.48		66.33		1.705
1.36655e+07		-37.713		216.079		0		0		0		5.5		2		0.75		30724.3		151.045		65.9375		1.6875
1.36735e+07		-37.2467		215.931		0		0		0.25		4		1		0.25		30587.5		150.605		65.535		1.67
1.36815e+07		-36.7803		215.785		0		0.25		0.25		5.75		2		0.5		30450.2		150.155		65.1375		1.6525
1.36895e+07		-36.3138		215.639		0		0.25		0.25		4.5		1.5		0.25		30312		149.702		64.73		1.635
1.36975e+07		-35.847		215.495		0		0.25		0.5		3.25		0.75		0		30173.5		149.247		64.3225		1.6175
1.37055e+07		-35.38		215.353		0		0		0.25		3.25		0.25		0		30034.5		148.782		63.9075		1.6025
1.37135e+07		-34.9128		215.212		0		0		0		2.25		0.5		0.25		29895.4		148.312		63.49		1.585
1.37215e+07		-34.4455		215.072		0		0		0		4.25		1.75		0.75		29756.1		147.84		63.0725		1.5725
1.37295e+07		-33.9785		214.932		0		0		0		3.25		1		0.5		29616.1		147.357		62.6525		1.5575
1.37375e+07		-33.5105		214.794		0.25		0.25		0.25		2		0.75		0.25		29475.9		146.87		62.2275		1.545
1.37455e+07		-33.0433		214.658		0		0		0.25		2		0.75		0.5		29335.4		146.372		61.795		1.5275
1.37535e+07		-32.5755		214.522		0.25		0		0		2.5		1.5		0.75		29195.1		145.875		61.3625		1.515
1.37615e+07		-32.1075		214.388		0		0		0.25		2.75		0.75		0		29054.4		145.367		60.9225		1.5025
1.49055e+07		35.3298		197.832		0		0.25		0.25		1.5		0.75		0.75		29108.8		43.2375		59.0925		1.585
1.49135e+07		35.7988		197.689		0.25		0		0		2.75		1.5		0.75		29270.4		42.83		59.4325		1.595
1.49215e+07		36.2677		197.545		0		0		0		2		0.75		0		29432.4		42.43		59.765		1.6125
1.49295e+07		36.7365		197.4		0		0.25		0		2.75		1.25		0		29595.8		42.0325		60.1025		1.63
1.49375e+07		37.2055		197.253		0		0.25		0		2.25		1.25		0.5		29760.4		41.64		60.43		1.645
1.49455e+07		37.6738		197.104		0		0		0.25		2.75		1.75		0.5		29925.8		41.2525		60.76		1.665
1.49535e+07		38.1425		196.955		0		0		0.25		2.75		1		0.25		30091.7		40.865		61.085		1.6825
1.49615e+07		38.6105		196.803		0		0.25		0.25		1.75		0.5		0		30258.8		40.4825		61.41		1.7
1.49695e+07		39.0785		196.65		0		0		0		2.25		1.25		0.5		30426.6		40.1		61.73		1.72
1.49775e+07		39.5465		196.495		0		0.5		0.75		2		1		0.25		30595.4		39.7225		62.05		1.74
1.49855e+07		40.0145		196.34		0		0		0		2.5		1.25		0.5		30764.4		39.3475		62.365		1.7575
1.49935e+07		40.4815		196.182		0.25		0.5		0		3.75		1.25		0.75		30934.5		38.9775		62.685		1.78
1.50015e+07		40.9495		196.022		0		0.25		0.25		2.5		0.75		0.5		31104.9		38.605		62.995		1.8
1.50095e+07		41.4165		195.861		0		0.5		0.5		2		0.75		0.25		31276.2		38.235		63.3075		1.82
1.50175e+07		41.8835		195.698		0		0.25		0.25		2.25		1		0		31447.7		37.875		63.6175		1.845
1.50255e+07		42.3503		195.533		0.25		0		0.25		4.75		1.5		0.25		31619.6		37.5125		63.9275		1.8675
1.50335e+07		42.817		195.366		0		0		0.25		5.25		2		0.75		31792.3		37.1525		64.2375		1.89
1.50415e+07		43.2835		195.197		0.25		0		0.25		3.5		2		0.5		31965.1		36.7925		64.54		1.915
1.50495e+07		43.7497		195.025		0		0.25		0		3		1		0.5		32138.1		36.435		64.8475		1.94
1.50575e+07		44.2158		194.852		0.25		0		0.5		3.75		1.5		0.75		32311.6		36.0825		65.15		1.9675
1.50655e+07		44.6815		194.677		0		0.25		0		4.75		0.75		0.25		32485		35.73		65.4525		1.99
1.50735e+07		45.1475		194.499		0		0.75		0.5		5.25		2		0.5		32658.4		35.38		65.75		2.02
1.50815e+07		45.6128		194.319		0		0.5		0.25		5.5		1		0.25		32831.9		35.03		66.0525		2.0475
1.98255e+07		-32.0785		189.116		0.25		0.5		0.25		1		0.5		0		32904.4		150.542		64.39		1.66
1.98335e+07		-31.6105		188.982		0.25		0.25		0		1.75		1		0.75		32751.5		150.055		63.9675		1.64
1.98415e+07		-31.1425		188.85		0		0.25		0.25		0.25		0		0		32597.8		149.565		63.5325		1.6225
1.98495e+07		-30.674		188.718		0		0.5		0		1.25		0.5		0		32443.7		149.062		63.0925		1.605
1.98575e+07		-30.2055		188.588		0		0.5		0.25		1.5		0.75		0.25		32288.1		148.56		62.66		1.585
1.98655e+07		-29.7368		188.458		0		0.25		0.25		0.75		0.75		0.5		32132.5		148.05		62.21		1.57
1.98735e+07		-29.268		188.329		0.25		0.75		0		0.5		0.25		0.25		31975.5		147.535		61.765		1.555
1.98815e+07		-28.7992		188.201		0		0		0.25		0.75		0.5		0.25		31818.5		147.012		61.31		1.5375
1.98895e+07		-28.3302		188.074		0		0.25		0.75		0.5		0.5		0.25		31660.3		146.48		60.86		1.5225
1.98975e+07		-27.861		187.948		0		0.25		0.5		0		0		0		31502.1		145.94		60.39		1.5075
1.99055e+07		-27.392		187.822		0		0		0.5		0.25		0.25		0.25		31342.7		145.398		59.925		1.495
1.99135e+07		-26.9223		187.698		0.25		0		0		0.25		0		0		31183.2		144.848		59.455		1.4775
1.99215e+07		-26.453		187.573		0		0.25		0		0.75		0.75		0		31023.2		144.283		58.9775		1.465
1.99295e+07		-25.9835		187.451		0.25		0.5		0.25		0.75		0.5		0.5		30862.5		143.722		58.505		1.4525
1.99375e+07		-25.5138		187.328		0		0		0.25		0.75		0.75		0.25		30701.8		143.148		58.0125		1.4375
1.99455e+07		-25.044		187.206		0.25		0.25		0.25		0		0		0		30540.5		142.568		57.5275		1.425
1.99535e+07		-24.574		187.085		0		0		0		0		0		0		30379.3		141.978		57.0325		1.4125
1.99615e+07		-24.104		186.964		0		0.25		0.25		0.75		0.75		0.5		30217.9		141.385		56.5375		1.3975
1.99695e+07		-23.634		186.844		0		0.5		0.25		1.25		1.25		0.75		30056		140.777		56.0325		1.3875
1.99775e+07		-23.1635		186.725		0		0		0		0.75		0.75		0.5		29894.1		140.17		55.5325		1.375
1.99855e+07		-22.6935		186.606		0		0		0.25		0		0		0		29732.6		139.552		55.02		1.365
1.99935e+07		-22.2227		186.488		0		0		0.25		0.25		0.25		0		29570.5		138.92		54.505		1.355
2.00015e+07		-21.7525		186.37		0		0		0		0.25		0.25		0.25		29409.1		138.29		53.99		1.3425
2.00095e+07		-21.2817		186.253		0.5		0.5		0		0.25		0.25		0		29247.7		137.645		53.465		1.3325
2.00175e+07		-20.8113		186.137		0		0		0.25		0.25		0.25		0.25		29086.5		136.995		52.9425		1.3225
2.09855e+07		36.2965		172.271		0.25		0		1.25		0.5		0.25		0		29135		45.0525		54.63		1.4775
2.09935e+07		36.7655		172.125		0		0		0.5		0		0		0		29312.5		44.56		55.0125		1.4925
2.10015e+07		37.2337		171.979		0.25		0		0.25		1.5		1.25		0.25		29491.9		44.0725		55.395		1.505
2.10095e+07		37.7025		171.83		0.5		0		0.75		1		0.25		0.25		29672.9		43.59		55.7775		1.5225
2.10175e+07		38.1705		171.68		0.25		0.75		0.5		1.25		0.5		0.25		29855.1		43.11		56.1575		1.535
2.10255e+07		38.6392		171.529		0		0		0.5		0.5		0.5		0.25		30038.2		42.635		56.535		1.5525
2.10335e+07		39.1075		171.376		0		0.25		0.25		1.25		0.75		0.25		30222.5		42.1625		56.9175		1.57
2.10415e+07		39.5747		171.221		0		0.5		0.5		0.5		0.5		0.5		30408.3		41.6975		57.295		1.585
2.10495e+07		40.0425		171.065		0		0		0		0.75		0.5		0		30595.2		41.23		57.6675		1.6
2.10575e+07		40.5105		170.907		0.5		0.5		0.25		1.25		0.25		0.25		30783		40.7725		58.045		1.62
2.10655e+07		40.9775		170.747		0		0.25		0.25		2.75		1		0.5		30971.5		40.315		58.42		1.635
2.10735e+07		41.445		170.586		0		0.25		0		1.25		0.75		0		31161.1		39.86		58.79		1.655
2.10815e+07		41.912		170.422		0.25		0		0.25		2.75		0.5		0.25		31351.1		39.4075		59.165		1.675
2.10895e+07		42.3787		170.258		0.25		0		0		0.75		0		0		31541.8		38.96		59.5375		1.695
2.10975e+07		42.8452		170.091		0.25		0.5		0		1.5		0.5		0.25		31733.3		38.515		59.91		1.715
2.11055e+07		43.312		169.921		0.25		0		0.75		1.25		0.75		0.5		31925.1		38.075		60.28		1.7375
2.11135e+07		43.778		169.75		0		0		0.75		1.25		0.75		0.25		32117.2		37.635		60.6425		1.7575
2.11215e+07		44.244		169.577		0		0.5		0		1.5		1		0.25		32309.7		37.2025		61.015		1.78
2.11295e+07		44.71		169.401		0		0.5		0.5		1.75		1		0.5		32502.4		36.765		61.3825		1.8025
2.11375e+07		45.1755		169.223		0		0.25		0		1.75		0.75		0.25		32695.5		36.3375		61.75		1.8275
2.11455e+07		45.6408		169.043		0		0.5		0.5		2.25		0.75		0.5		32888.4		35.91		62.1175		1.8525
2.60635e+07		-21.8398		161.128		0		0		0.25		0.75		0.75		0.25		32819.9		143.61		56.905		1.4325
2.60715e+07		-21.369		161.011		0		0		0.25		0		0		0		32636.6		143.018		56.4		1.4175
2.60795e+07		-20.8985		160.895		0		0		0.25		0.5		0.25		0.25		32452.2		142.415		55.88		1.405
2.60875e+07		-20.4275		160.779		0.25		0.25		0		0.5		0.5		0.5		32268.2		141.81		55.36		1.3925
2.60955e+07		-19.9568		160.663		0		0		0		0.25		0.25		0		32083.3		141.193		54.835		1.3775
2.61035e+07		-19.486		160.547		0		0		0.25		0.75		0.75		0.25		31898.4		140.573		54.31		1.365
2.61115e+07		-19.0147		160.433		0		0		0		0		0		0		31714.1		139.943		53.7775		1.355
2.61195e+07		-18.544		160.318		0		0		0		0		0		0		31529.2		139.302		53.2375		1.345
2.61275e+07		-18.0728		160.205		0		0		0		0.25		0.25		0.25		31344.4		138.658		52.6975		1.3325
2.61355e+07		-17.6012		160.091		0		0.25		0.25		1		0.75		0		31160.6		138.01		52.1575		1.3225
2.61435e+07		-17.13		159.978		0		0.75		0.5		0.25		0.25		0.25		30976.4		137.345		51.6		1.3125
2.61515e+07		-16.659		159.866		0		0.25		0.25		0.25		0.25		0.25		30792.7		136.68		51.0475		1.3
2.61595e+07		-16.187		159.754		0		0		0.25		0		0		0		30609.5		136.005		50.485		1.29
2.61675e+07		-15.7157		159.642		0		0.25		0		0.25		0.25		0		30426.9		135.322		49.93		1.28
2.61755e+07		-15.244		159.53		0		0		0.25		0.25		0		0		30245.1		134.63		49.3675		1.27
2.61835e+07		-14.7723		159.419		0		0		0.5		0		0		0		30064.1		133.93		48.7925		1.26
2.61915e+07		-14.301		159.309		0		0.5		0.25		0		0		0		29884		133.223		48.2225		1.2525
2.61995e+07		-13.829		159.198		0		0.25		0		0.25		0.25		0		29705		132.507		47.645		1.245
2.62075e+07		-13.357		159.088		0		0.25		0.5		1.25		1		1		29527.2		131.788		47.0675		1.2375
2.62155e+07		-12.885		158.978		0.25		0.25		0.5		0.5		0.25		0.25		29349.9		131.057		46.4875		1.23
2.62235e+07		-12.413		158.868		0		0.25		0.25		0.25		0		0		29174.7		130.32		45.9		1.22
2.62315e+07		-11.941		158.759		0		0		0		0.25		0.25		0.25		29001		129.572		45.3175		1.2125
2.69595e+07		31.0435		148.554		0		0		0.25		0		0		0		29175.9		51.2175		46.3775		1.285
2.69675e+07		31.5138		148.421		0		0		0		0.5		0.5		0.25		29357.4		50.55		46.9175		1.2925
2.69755e+07		31.984		148.288		0		0.25		0.5		0		0		0		29541.2		49.895		47.4525		1.3025
2.69835e+07		32.454		148.153		0		0		0.5		0		0		0		29726.6		49.245		47.985		1.3125
2.69915e+07		32.9238		148.017		0		0.25		0.25		0		0		0		29913.5		48.6		48.5225		1.325
2.69995e+07		33.3935		147.88		0		0.25		0.25		0.5		0.5		0.25		30102.2		47.965		49.045		1.335
2.70075e+07		33.863		147.742		0		0.25		0		0.25		0.25		0		30292		47.3375		49.575		1.3475
2.70155e+07		34.3327		147.603		0		0		0		0		0		0		30483.2		46.7175		50.0975		1.3575
2.70235e+07		34.802		147.462		0		0.5		0		0.25		0.25		0		30676		46.1		50.615		1.3725
2.70315e+07		35.2712		147.321		0.25		0		0		0.75		0.75		0.75		30869.5		45.495		51.13		1.385
2.70395e+07		35.7402		147.178		0		0		0		0.25		0.25		0		31064.1		44.8925		51.6475		1.395
2.70475e+07		36.2093		147.034		0		0		0.25		0		0		0		31259.6		44.3		52.1575		1.4075
2.70555e+07		36.678		146.888		0		0.25		0		0.25		0		0		31456.2		43.71		52.665		1.425
2.70635e+07		37.1465		146.742		0		0		0.25		0.5		0.25		0		31652.9		43.13		53.17		1.4375
2.70715e+07		37.6155		146.594		0		0		0.75		0.5		0.25		0		31850.5		42.5525		53.6725		1.4525
2.70795e+07		38.0835		146.444		0		0.25		0		1.25		1.25		0.75		32048.6		41.99		54.17		1.4675
2.70875e+07		38.552		146.293		0		0		0.25		0.75		0.75		0.5		32247.1		41.4275		54.6625		1.485
2.70955e+07		39.0202		146.14		0		0		0.5		0.25		0.25		0.25		32445.9		40.8675		55.1525		1.5
2.71035e+07		39.488		145.986		0		0		0		0.5		0.5		0		32644.6		40.32		55.645		1.5175
2.71115e+07		39.9555		145.83		0.25		0.25		0.25		0.75		0.25		0.25		32843.3		39.7725		56.1275		1.5325
3.22135e+07		-16.746		134.623		0		0		0.5		0.5		0.5		0		32979.6		139.445		51.48		1.315
3.22215e+07		-16.2747		134.511		0.25		0.25		0.5		0.75		0.75		0.75		32784.6		138.775		50.8875		1.305
3.22295e+07		-15.803		134.399		0		0		0.25		0.5		0.5		0.5		32590.3		138.095		50.285		1.2925
3.22375e+07		-15.332		134.287		0		0		0.25		0.5		0.25		0.25		32396.8		137.408		49.685		1.28
3.22455e+07		-14.86		134.176		0		0.25		0.25		0		0		0		32204.1		136.708		49.075		1.27
3.22535e+07		-14.388		134.065		0		0		0.75		1		0.75		0.5		32012.4		136.002		48.4575		1.2575
3.22615e+07		-13.917		133.955		0.25		0.75		0		0		0		0		31821.4		135.288		47.8375		1.25
3.22695e+07		-13.445		133.844		0		0.5		0.75		0.5		0.5		0.25		31631.8		134.562		47.2175		1.24
3.22775e+07		-12.973		133.735		0.25		0		0.25		0.5		0.5		0.5		31443.8		133.83		46.575		1.23
3.22855e+07		-12.501		133.625		0.25		0		0.5		0.5		0.25		0		31257.3		133.085		45.94		1.22
3.22935e+07		-12.029		133.516		0		0		0.25		1		1		0.25		31072.1		132.335		45.2975		1.2125
3.23015e+07		-11.557		133.407		0.5		0.25		0.25		0.25		0.25		0.25		30888.7		131.575		44.6525		1.2025
3.23095e+07		-11.085		133.298		0		0.5		0		0		0		0		30707.5		130.8		43.9975		1.195
3.23175e+07		-10.6125		133.189		0		0.25		0.5		0		0		0		30527.7		130.025		43.335		1.185
3.23255e+07		-10.14		133.081		0		0.25		0.25		0.5		0.5		0.25		30350.6		129.232		42.685		1.1775
3.23335e+07		-9.668		132.973		0		0.25		0.25		0		0		0		30175.3		128.433		42.0075		1.17
3.23415e+07		-9.196		132.865		0		0.25		0		0.25		0		0		30003.1		127.625		41.34		1.165
3.23495e+07		-8.723		132.757		0		0		0.5		0.75		0.5		0		29832.7		126.805		40.665		1.1575
3.23575e+07		-8.251		132.65		0.25		0.25		0		0.5		0.5		0		29665		125.98		39.9925		1.15
3.23655e+07		-7.7785		132.542		0		0		0		0		0		0		29500.6		125.143		39.3075		1.1425
3.23735e+07		-7.306		132.435		0		0		0.5		0		0		0		29338.8		124.293		38.62		1.1375
3.23815e+07		-6.83325		132.328		0		0.25		0		0.25		0		0		29180.5		123.438		37.9375		1.13
3.23895e+07		-6.36075		132.221		0		0.5		0		0.25		0		0		29025.1		122.573		37.255		1.1225
3.28695e+07		22.003		125.678		0		0.25		0.25		0		0		0		29003.6		63.2025		35.4475		1.12
3.28775e+07		22.475		125.56		0.25		0		0		0.25		0.25		0		29159.9		62.32		36.1375		1.125
3.28855e+07		22.947		125.441		0.5		0		0		0		0		0		29319.5		61.45		36.8225		1.13
3.28935e+07		23.419		125.322		0		0		0		0.5		0.5		0.25		29481.6		60.5925		37.515		1.1375
3.29015e+07		23.89		125.202		0		0.25		0.25		0.5		0.25		0.25		29646.8		59.74		38.2025		1.1425
3.29095e+07		24.362		125.081		0		0		0.25		0.5		0		0		29815.5		58.9		38.885		1.15
3.29175e+07		24.833		124.96		0.25		0		0.25		0		0		0		29986.9		58.0675		39.5775		1.1575
3.29255e+07		25.3048		124.838		0		0		0		0.25		0.25		0		30160.6		57.2525		40.255		1.165
3.29335e+07		25.776		124.716		0		0.25		0		0.5		0.5		0.25		30336.1		56.4375		40.935		1.17
3.29415e+07		26.247		124.592		0		0		0.25		0		0		0		30514.9		55.6375		41.6075		1.1775
3.29495e+07		26.7185		124.468		0		0		0.25		0.25		0.25		0		30695.5		54.845		42.28		1.185
3.29575e+07		27.1895		124.344		0		0		0		0		0		0		30877.3		54.065		42.95		1.1925
3.29655e+07		27.6605		124.218		0		0.25		0.5		0.25		0.25		0		31062.1		53.2975		43.6175		1.2025
3.29735e+07		28.1315		124.092		0		0.25		0		0.5		0.5		0.5		31247.9		52.535		44.27		1.21
3.29815e+07		28.6023		123.965		0		0.25		0.25		0.25		0.25		0.25		31435.2		51.7825		44.925		1.22
3.29895e+07		29.0728		123.837		0		0		0.25		0.75		0.75		0.5		31624.3		51.04		45.5775		1.23
3.29975e+07		29.5435		123.708		0.25		0		0		0.25		0.25		0		31813.9		50.3125		46.2225		1.24
3.30055e+07		30.0142		123.578		0		0		0.25		0		0		0		32005.3		49.5875		46.855		1.2475
3.30135e+07		30.4845		123.448		0.5		0.25		0.25		0.75		0.75		0.5		32197.1		48.8725		47.4925		1.2575
3.30215e+07		30.9548		123.317		0.5		0		0.25		0.5		0.5		0.25		32390.4		48.175		48.12		1.2675
3.30295e+07		31.425		123.184		0		0		0.25		0.5		0.5		0.25		32583.7		47.4775		48.7425		1.2775
3.30375e+07		31.895		123.05		0		0		0.25		0.5		0.5		0.25		32777.9		46.7925		49.3625		1.29
3.30455e+07		32.365		122.915		0		0		0		0		0		0		32972.5		46.12		49.97		1.3025
3.83095e+07		-14.833		108.906		0		0.25		0.25		0.5		0.5		0		32903.1		137.788		48.95		1.2575
3.83175e+07		-14.3615		108.795		0		0		0.75		0.5		0.5		0		32723.4		137.075		48.3125		1.2475
3.83255e+07		-13.89		108.684		0		0.25		0.25		0.5		0.25		0.25		32545.1		136.355		47.67		1.2375
3.83335e+07		-13.418		108.574		0.25		0.25		0.5		0.25		0.25		0		32367.9		135.625		47.0275		1.2275
3.83415e+07		-12.946		108.464		0.25		0.5		0.25		0.75		0.75		0		32191.9		134.883		46.375		1.2175
3.83495e+07		-12.474		108.355		0		0		0.25		0		0		0		32017.2		134.133		45.7175		1.2075
3.83575e+07		-12.002		108.245		0.25		0		0		0.5		0.25		0		31843.4		133.363		45.045		1.2
3.83655e+07		-11.53		108.136		0.25		0		0.25		0.5		0.5		0		31671.8		132.595		44.375		1.19
3.83735e+07		-11.058		108.028		0		0.25		0		0.25		0.25		0.25		31501.7		131.808		43.6975		1.18
3.83815e+07		-10.586		107.918		0.25		0.25		0.5		0.5		0.5		0.25		31333.4		131.01		43.0075		1.1725
3.83895e+07		-10.1135		107.81		0.25		0.25		0.25		0.25		0.25		0.25		31167.5		130.208		42.32		1.1625
3.83975e+07		-9.641		107.702		0		0.25		0		0.5		0.5		0.25		31003.1		129.387		41.6225		1.1575
3.84055e+07		-9.169		107.594		0		0		0.25		0		0		0		30841		128.555		40.92		1.15
3.84135e+07		-8.6965		107.486		0		0		0		0.25		0.25		0		30682		127.715		40.21		1.14
3.84215e+07		-8.224		107.379		0		0		0		0.25		0.25		0.25		30525		126.868		39.505		1.135
3.84295e+07		-7.752		107.271		0.25		0		0.5		0.75		0.5		0.25		30370.6		126.003		38.7825		1.13
3.84375e+07		-7.279		107.164		0.25		0		0		0.25		0.25		0.25		30219.5		125.13		38.0725		1.12
3.84455e+07		-6.80675		107.057		0		0		0.25		0		0		0		30071.1		124.243		37.3375		1.115
3.84535e+07		-6.334		106.95		0		0		0		0.25		0.25		0.25		29926.2		123.35		36.625		1.11
3.84615e+07		-5.8615		106.843		0		0		0.25		0.5		0.5		0.25		29784		122.442		35.8925		1.1
3.84695e+07		-5.389		106.737		0.25		0		0		0.25		0		0		29645.9		121.525		35.1675		1.1
3.84775e+07		-4.916		106.63		0		0		0		0.25		0		0		29510.8		120.598		34.445		1.09
3.84855e+07		-4.4435		106.524		0.25		0		0.25		0.25		0.25		0.25		29379.8		119.662		33.725		1.09
3.84935e+07		-3.97075		106.417		0		0		0		0.25		0.25		0.25		29252.4		118.712		32.9925		1.08
3.85015e+07		-3.498		106.311		0		0		0		0.5		0.5		0.25		29129.7		117.755		32.27		1.08
3.85095e+07		-3.02525		106.205		0.25		0		0		0		0		0		29010.6		116.785		31.56		1.07
3.88535e+07		17.308		101.562		0		0		0		0.75		0.75		0.75		29088.1		71.2425		30.1175		1.06
3.88615e+07		17.78		101.449		0		0.5		1		0		0		0		29211.7		70.2525		30.835		1.07
3.88695e+07		18.2528		101.334		0.75		0		0.5		0.5		0.5		0.5		29339.7		69.2675		31.5475		1.07
3.88775e+07		18.725		101.221		0		0		0.75		0.5		0.25		0		29471.7		68.3		32.2875		1.0775
3.88855e+07		19.197		101.106		0		0.25		0.5		0.5		0.5		0.25		29607.8		67.3375		33.0125		1.08
3.88935e+07		19.669		100.991		0.25		0.5		0.25		0.25		0.25		0		29747.6		66.385		33.755		1.085
3.89015e+07		20.141		100.875		0		0		0		0		0		0		29891.2		65.445		34.4875		1.09
3.89095e+07		20.613		100.759		0		0		0		0.25		0.25		0		30038.3		64.515		35.2325		1.0975
3.89175e+07		21.085		100.643		0		0.5		0.25		0.5		0.5		0.5		30188.6		63.595		35.98		1.1
3.89255e+07		21.557		100.526		0		0		0.25		0.25		0.25		0		30342.2		62.685		36.72		1.1075
3.89335e+07		22.029		100.408		0		0.25		0.25		0.25		0.25		0		30498.8		61.785		37.4575		1.11
3.89415e+07		22.501		100.29		0		0		0		0.5		0.5		0.25		30658.1		60.9		38.1975		1.12
3.89495e+07		22.973		100.171		0		0		0.5		0		0		0		30820.2		60.0275		38.9375		1.125
3.89575e+07		23.4443		100.052		0.25		0		0.25		0.5		0.5		0.25		30984.8		59.155		39.6675		1.13
3.89655e+07		23.916		99.932		0		0		0		0.5		0.5		0.25		31150.2		58.3075		40.405		1.14
3.89735e+07		24.388		99.8112		0		0		0		0		0		0		31319.2		57.46		41.125		1.1475
3.89815e+07		24.859		99.6903		0.25		0		0		0.75		0.5		0		31490.3		56.63		41.8525		1.15
3.89895e+07		25.3305		99.5683		0		0.25		0.25		0		0		0		31663.2		55.8075		42.5675		1.16
3.89975e+07		25.802		99.4457		0.25		0		0.25		0		0		0		31836.3		55		43.28		1.1675
3.90055e+07		26.273		99.3225		0		0.25		0		0		0		0		32012.4		54.2025		43.9825		1.1775
3.90135e+07		26.744		99.1985		0.25		0.25		0		0.5		0.25		0.25		32189.9		53.4125		44.685		1.185
3.90215e+07		27.2153		99.0738		0		0		0		0.25		0.25		0.25		32367		52.64		45.3825		1.195
3.90295e+07		27.6863		98.948		0		0		0.25		0.75		0.75		0.75		32546.7		51.875		46.0675		1.2025
3.90375e+07		28.1572		98.8217		0.25		0.5		0		0		0		0		32726.6		51.1175		46.75		1.2125
3.90455e+07		28.628		98.695		0		0.5		0		0		0		0		32907.1		50.3775		47.4275		1.22
4.10295e+07		32.6985		280.902		0.25		0.5		0.75		2.25		0.75		0.5		32912.7		31.8275		118.217		2.1225
4.10375e+07		32.2295		280.767		0.25		0		0		1.5		0.75		0.5		32736.5		32.165		118.607		2.0975
4.10455e+07		31.7607		280.633		0.25		0.5		0.25		0.5		0.25		0.25		32559		32.515		119.002		2.07
4.10535e+07		31.2917		280.5		0.25		0		0.75		1.25		0.75		0.75		32381.2		32.8625		119.402		2.04
4.10615e+07		30.8228		280.368		0		0		0.25		0.25		0.25		0		32201.5		33.2175		119.805		2.0125
4.10695e+07		30.3533		280.237		0		0		0		0.75		0.75		0.5		32020.2		33.5775		120.213		1.99
4.10775e+07		29.884		280.107		0		0		0.5		0.75		0.75		0.5		31837.9		33.94		120.625		1.9625
4.10855e+07		29.4147		279.978		0		0.25		0.25		0.75		0.75		0.25		31654.4		34.305		121.04		1.94
4.10935e+07		28.945		279.849		0.25		0.5		0.25		0.25		0		0		31470		34.6775		121.458		1.915
4.11015e+07		28.4755		279.722		0		0		0.25		0.5		0.5		0.25		31284.6		35.0525		121.883		1.89
4.11095e+07		28.006		279.595		0.25		0.25		0.25		0.5		0.5		0.5		31098.4		35.435		122.308		1.87
4.11175e+07		27.536		279.469		0		0		0.25		0		0		0		30911.3		35.82		122.743		1.85
4.11255e+07		27.066		279.344		0		0.5		0.25		0.5		0.5		0.25		30723.4		36.21		123.183		1.825
4.11335e+07		26.5963		279.219		0		0.5		0.5		0.25		0		0		30534.8		36.605		123.622		1.805
4.11415e+07		26.126		279.096		0		0.25		0		1.5		1.25		0.75		30345.6		37.0075		124.07		1.785
4.11495e+07		25.656		278.974		0.25		0.5		0		0.75		0.75		0.25		30155.8		37.4125		124.52		1.765
4.11575e+07		25.186		278.852		0		0.25		0		1		1		0.75		29965.4		37.8225		124.972		1.75
4.11655e+07		24.7155		278.73		0		0.25		0.75		0		0		0		29774.6		38.24		125.435		1.73
4.11735e+07		24.2455		278.609		0		0.25		0.75		0.5		0.25		0.25		29583.3		38.66		125.905		1.7125
4.11815e+07		23.775		278.489		0		0		0.5		0.75		0.5		0.25		29391.8		39.0875		126.377		1.695
4.11895e+07		23.3045		278.369		0		0.25		0.25		1.25		1		0.5		29199.8		39.5225		126.85		1.675
4.11975e+07		22.8337		278.25		0		0		0.5		1		1		0.75		29006.4		39.9575		127.33		1.66
4.25175e+07		-54.413		256.641		1.75		0.5		0		258		36.5		0.5		29047.6		145.408		118.855		2.1775
4.42855e+07		-19.9958		84.8788		0		0		0		0.5		0.25		0		32899.8		144.5		54.5		1.4125
4.42935e+07		-19.5247		84.7637		0		0		0		0.5		0.5		0.25		32750.3		143.94		53.94		1.395
4.43015e+07		-19.0538		84.649		0		0.5		0.25		0.25		0.25		0.25		32599.7		143.365		53.3675		1.3825
4.43095e+07		-18.5828		84.5348		0		0		0		0.25		0.25		0.25		32448.6		142.777		52.785		1.365
4.43175e+07		-18.1115		84.421		0		0		0		1		1		0.5		32297.9		142.183		52.2025		1.3525
4.43255e+07		-17.6403		84.3075		0		0		0		0.5		0.5		0.5		32146.1		141.57		51.5975		1.3425
4.43335e+07		-17.169		84.1945		0.25		0		0.25		0.25		0.25		0		31994.2		140.948		50.9925		1.3275
4.43415e+07		-16.698		84.082		0		0		0.5		0.25		0.25		0		31842		140.315		50.3775		1.315
4.43495e+07		-16.226		83.97		0		0.5		0.25		0.25		0		0		31689.9		139.67		49.755		1.3025
4.43575e+07		-15.755		83.858		0		0		0		1.25		1		0.75		31537.9		139.01		49.12		1.2875
4.43655e+07		-15.283		83.7465		0.25		0		0.25		0.5		0.5		0.5		31385.9		138.34		48.4825		1.2775
4.43735e+07		-14.8115		83.6355		0.25		0.25		0		0.25		0.25		0.25		31234.3		137.658		47.83		1.265
4.43815e+07		-14.34		83.5245		0.25		0.25		0.5		0.5		0.5		0.25		31083.1		136.958		47.17		1.255
4.43895e+07		-13.868		83.4142		0		0		0.25		0.25		0.25		0.25		30932.2		136.25		46.5		1.2425
4.43975e+07		-13.396		83.304		0.25		0		0.25		0.25		0.25		0.25		30782		135.53		45.8275		1.235
4.44055e+07		-12.924		83.194		0		0		0		0		0		0		30632.2		134.8		45.1425		1.225
4.44135e+07		-12.452		83.0847		0		0		0		0.25		0.25		0		30483.2		134.053		44.45		1.215
4.44215e+07		-11.98		82.9753		0.25		0		0.25		1.25		1.25		0.75		30335.5		133.292		43.745		1.205
4.44295e+07		-11.508		82.8665		0		0.25		0.25		0.5		0.5		0.5		30188.9		132.522		43.0425		1.195
4.44375e+07		-11.036		82.7575		0		0		0		0.5		0.5		0.5		30042.9		131.735		42.325		1.1875
4.44455e+07		-10.564		82.6488		0.5		0		0.25		0.5		0.25		0.25		29898.9		130.94		41.6		1.18
4.44535e+07		-10.092		82.5405		0		0		0.25		0.75		0.5		0		29755.8		130.13		40.87		1.17
4.44615e+07		-9.61975		82.4325		0.25		0		0.25		0.25		0.25		0		29615		129.305		40.135		1.1625
4.44695e+07		-9.147		82.3245		0		0.25		0.25		0.5		0.5		0.5		29475.4		128.47		39.39		1.1575
4.44775e+07		-8.675		82.2165		0		0		0.25		0		0		0		29337.6		127.622		38.6375		1.15
4.44855e+07		-8.2025		82.1095		0		0		0.25		0.5		0.5		0.25		29202.8		126.76		37.88		1.14
4.44935e+07		-7.73		82.002		0		0.25		0		0.25		0.25		0		29069.5		125.887		37.1225		1.135
4.49655e+07		20.163		75.6055		0		0		0.25		0		0		0		29129.7		64.835		35.3025		1.11
4.49735e+07		20.635		75.4895		0		0		0		0		0		0		29270.2		63.925		36.0675		1.115
4.49815e+07		21.107		75.373		0.25		0		0		0		0		0		29413.4		63.0325		36.845		1.12
4.49895e+07		21.579		75.256		0		0		0.5		0		0		0		29559.2		62.1475		37.6075		1.1275
4.49975e+07		22.051		75.1385		0		0		0.75		0		0		0		29707.3		61.2725		38.3725		1.1325
4.50055e+07		22.523		75.0202		0		0		0		0		0		0		29857.7		60.41		39.1275		1.14
4.50135e+07		22.994		74.9015		0		0		0		0		0		0		30009.5		59.5625		39.8825		1.15
4.50215e+07		23.466		74.782		0		0		0.25		0.5		0.5		0.25		30163.1		58.7225		40.6325		1.155
4.50295e+07		23.938		74.662		0		0.25		0		0.5		0.5		0.25		30319.2		57.895		41.3725		1.16
4.50375e+07		24.409		74.5415		0		0.5		0.5		0.75		0.75		0.5		30476.9		57.08		42.1075		1.17
4.50455e+07		24.881		74.4205		0.25		0		0		0.25		0.25		0.25		30635.7		56.2775		42.84		1.1775
4.50535e+07		25.352		74.2985		0		0		0.25		0.25		0		0		30795		55.4875		43.56		1.185
4.50615e+07		25.8232		74.1758		0.5		0		0		0.75		0.75		0.75		30956.6		54.7075		44.28		1.195
4.50695e+07		26.2948		74.0525		0		0.25		0.25		0.5		0.5		0		31119.2		53.935		44.985		1.2025
4.50775e+07		26.7658		73.9285		0		0.25		0.25		0.5		0.5		0.5		31281.2		53.1775		45.69		1.2125
4.50855e+07		27.2367		73.8038		0		0		0		0		0		0		31445.4		52.4325		46.3875		1.2225
4.50935e+07		27.7078		73.678		0		0		0		0.5		0		0		31609.5		51.7		47.0725		1.23
4.51015e+07		28.1785		73.5518		0		0		0.5		0.25		0.25		0		31774		50.9725		47.7475		1.24
4.51095e+07		28.6495		73.4245		0		0.25		0.25		0.25		0.25		0.25		31939.6		50.2625		48.425		1.25
4.51175e+07		29.1203		73.2968		0		0.25		0		0.25		0.25		0.25		32103.9		49.5625		49.0875		1.2625
4.51255e+07		29.5905		73.1675		0		0		0.25		0		0		0		32269.7		48.8675		49.7425		1.2725
4.51335e+07		30.0613		73.038		0		0.25		0		0		0		0		32434		48.1875		50.39		1.285
4.51415e+07		30.5315		72.9072		0		0		0		0		0		0		32599.7		47.5175		51.035		1.295
4.51495e+07		31.002		72.7755		0.25		0.5		0.25		1		0.75		0.5		32763.5		46.86		51.665		1.3075
4.51575e+07		31.472		72.643		0		0.25		0		0		0		0		32928.1		46.215		52.2925		1.3225
4.71015e+07		32.2113		255.497		0.75		0.25		0.5		11		0.75		0.75		32884.9		30.8125		119.895		1.9625
4.71095e+07		31.7423		255.363		0		0		0.25		7		0.25		0		32690.3		31.23		120.345		1.93
4.71175e+07		31.2733		255.23		0.5		0.5		0.25		9		2.75		0.75		32494.9		31.6525		120.798		1.9025
4.71255e+07		30.804		255.098		0		0		0.25		5.5		1.5		1		32298.6		32.08		121.255		1.8775
4.71335e+07		30.3348		254.967		0.25		0		0		4.75		1		0.5		32101.5		32.5175		121.717		1.8525
4.71415e+07		29.8657		254.837		0.25		0		0		4.5		0.5		0.25		31903.8		32.9575		122.185		1.8275
4.71495e+07		29.396		254.708		0		0		0		2.5		0		0		31705.4		33.4025		122.66		1.8025
4.71575e+07		28.9265		254.58		0.5		0.5		0.25		2.75		1.25		0.75		31506.5		33.8575		123.14		1.78
4.71655e+07		28.457		254.452		0		0.25		0.25		2.75		1.5		0.5		31307.1		34.315		123.62		1.7575
4.71735e+07		27.9873		254.326		0		0.25		0.25		1.25		0.25		0		31107.9		34.7775		124.11		1.735
4.71815e+07		27.5175		254.2		0		0.25		0		1.25		0.5		0.5		30908.4		35.2475		124.605		1.715
4.71895e+07		27.0475		254.075		0.5		0		0.25		3		1.75		0.75		30707.9		35.7275		125.107		1.695
4.71975e+07		26.5777		253.951		0.25		0		0.5		4		2.75		0.25		30507.3		36.21		125.613		1.675
4.72055e+07		26.1075		253.827		0.25		0.25		0.5		3		2.5		0		30306.4		36.7025		126.125		1.655
4.72135e+07		25.6375		253.704		0		1.25		0.5		4.25		2.25		0.25		30104.6		37.1925		126.645		1.635
4.72215e+07		25.1675		253.582		0.25		0		0.25		1.5		1		0		29903.3		37.7025		127.17		1.615
4.72295e+07		24.6973		253.46		0		0		0.25		2.25		1.75		0.5		29702.6		38.2125		127.7		1.595
4.72375e+07		24.227		253.34		0		0		0.5		2		1.5		0.5		29501.9		38.725		128.24		1.58
4.72455e+07		23.7565		253.22		0.75		0.25		0.25		0.5		0.25		0.25		29301.5		39.2525		128.785		1.565
4.72535e+07		23.286		253.1		0.25		0		0.25		1		1		0.5		29101.3		39.7825		129.335		1.5475
4.83815e+07		-42.936		236.388		0.75		0.25		0		18		6.75		0.25		29085.9		142.262		122.415		1.75
4.83895e+07		-43.3988		236.22		0.5		0		0		10.25		3.75		0		29263.8		142.635		121.973		1.77
4.83975e+07		-43.8615		236.049		0		0.5		0		14.75		3		1		29441.9		143.008		121.537		1.79
4.84055e+07		-44.3242		235.876		0.75		0		0.5		23.5		2.75		0.25		29620.2		143.375		121.113		1.81
4.84135e+07		-44.7865		235.702		0		0		0.5		35.125		2.5		0.75		29798.9		143.735		120.685		1.835
4.84215e+07		-45.2485		235.525		0		0		0.25		37.375		1.5		0		29977.8		144.087		120.265		1.86
4.84295e+07		-45.7105		235.345		0.75		0.25		0.25		41.5		3.5		1		30156.8		144.44		119.848		1.8825
4.84375e+07		-46.172		235.163		0.5		0		0.75		40.875		3		0.75		30335.9		144.783		119.435		1.91
4.84455e+07		-46.6332		234.979		0.25		0.25		0.75		46.5		2		0.25		30515.2		145.122		119.028		1.9325
4.84535e+07		-47.0945		234.792		0.5		0.25		0		70.75		1.75		0		30694.5		145.458		118.625		1.96
4.84615e+07		-47.5555		234.602		0		0.25		0.25		83.5		2.5		0.5		30873.9		145.788		118.225		1.99
4.84695e+07		-48.016		234.41		0.5		0		0.5		89.5		1.25		0.25		31053.2		146.113		117.833		2.0175
4.84775e+07		-48.4765		234.214		0.25		0		0.5		110		5		0		31232.7		146.432		117.44		2.0475
4.84855e+07		-48.9365		234.016		0.25		0.5		0.5		137.5		3.25		0.75		31412.2		146.753		117.055		2.0775
4.84935e+07		-49.396		233.815		0.25		0.25		0.5		155.5		5.25		0.25		31591.2		147.065		116.67		2.1075
4.85015e+07		-49.8555		233.611		0		0.5		0.25		198.5		8.25		1		31769.9		147.372		116.29		2.14
4.85095e+07		-50.3148		233.403		0.5		0.75		0.25		270		10.75		0.75		31948.5		147.678		115.917		2.175
5.00855e+07		-35.4552		63.79		0		0		1		3.25		1.75		1.25		30688.5		151.885		64.925		2.175
5.00935e+07		-34.9883		63.6485		0.25		0		1		1.25		1		0.25		30584.9		151.705		64.625		2.145
5.01015e+07		-34.5208		63.5085		0		0		0.5		2.25		1.25		0.75		30481.1		151.52		64.32		2.1075
5.01095e+07		-34.0535		63.3693		0		0		0.5		1.25		0.5		0.5		30377.8		151.325		64.01		2.075
5.01175e+07		-33.586		63.2313		0		0		0.5		0.5		0.5		0.5		30274.1		151.125		63.69		2.045
5.01255e+07		-33.1185		63.0942		0.25		0.25		0		1.25		1		0		30171		150.92		63.37		2.0125
5.01335e+07		-32.6505		62.9585		0		0		0.5		1.5		0.5		0.5		30067.7		150.705		63.04		1.98
5.01415e+07		-32.1825		62.824		0.25		0.25		0.75		1.75		1		1		29964.5		150.485		62.705		1.9525
5.01495e+07		-31.7145		62.6903		0		0		0		0.75		0.5		0.25		29861.7		150.253		62.365		1.9225
5.01575e+07		-31.2465		62.5575		0.25		0		0.25		1.25		0.75		0.5		29758.3		150.02		62.02		1.8975
5.01655e+07		-30.7778		62.4258		0		0		0.5		1.75		1.25		0.5		29655.6		149.772		61.665		1.8675
5.01735e+07		-30.3095		62.295		0.25		0		0		1		0.5		0.25		29552.2		149.52		61.305		1.84
5.01815e+07		-29.8407		62.1653		0		0.25		0.25		0.75		0.75		0.75		29449.7		149.258		60.9425		1.8175
5.01895e+07		-29.372		62.036		0		0		1.75		1.5		1		0.5		29346.4		148.985		60.57		1.79
5.01975e+07		-28.9032		61.908		0.25		0.5		0.5		1.25		0.5		0.25		29243.9		148.705		60.19		1.765
5.02055e+07		-28.4342		61.7808		0.25		0.25		0.25		0.25		0.25		0		29140.7		148.42		59.8025		1.745
5.02135e+07		-27.965		61.6543		0.25		0		0.5		1		1		0.25		29037.9		148.118		59.41		1.72
5.11175e+07		25.3748		49.028		0		0.5		0.25		0.5		0.5		0.5		29062.7		55.8975		44.18		1.23
5.11255e+07		25.846		48.9055		0		0.5		0.25		0.25		0.25		0		29216.9		55.15		44.85		1.2375
5.11335e+07		26.317		48.7822		0		0		0		0.5		0.25		0		29370		54.4125		45.5175		1.245
5.11415e+07		26.7882		48.6582		0		0.25		0		0.25		0.25		0		29524.6		53.68		46.1775		1.255
5.11495e+07		27.2595		48.5332		0		0		0		0.5		0.5		0.5		29679		52.97		46.83		1.265
5.11575e+07		27.7302		48.4075		0		0		0		0.5		0.5		0.25		29832.7		52.2625		47.475		1.275
5.11655e+07		28.2013		48.2812		0		0		0.25		1		1		0.75		29987.3		51.5675		48.12		1.285
5.11735e+07		28.672		48.154		0		0.25		0.25		0.25		0.25		0		30140.3		50.885		48.7475		1.295
5.11815e+07		29.1425		48.026		0		0		0		0		0		0		30294.3		50.21		49.37		1.3075
5.11895e+07		29.6135		47.8968		0		0		0		0		0		0		30447		49.545		49.99		1.3175
5.11975e+07		30.0837		47.7673		0		0		0.25		0.25		0.25		0		30599.9		48.895		50.6		1.33
5.12055e+07		30.5543		47.6365		0		0		0		0		0		0		30751.5		48.25		51.2		1.3375
5.12135e+07		31.0245		47.5045		0.75		0		0.25		0.75		0.75		0.5		30903.1		47.615		51.7925		1.3525
5.12215e+07		31.4945		47.372		0		0.25		0.5		0.25		0.25		0		31053.1		46.995		52.38		1.365
5.12295e+07		31.9645		47.2385		0		0		0		0.25		0.25		0		31203.3		46.3825		52.9575		1.3775
5.12375e+07		32.4345		47.1038		0		0		0		0.25		0.25		0.25		31352		45.7825		53.5325		1.3925
5.12455e+07		32.9045		46.968		0		0		0		0.25		0.25		0.25		31500.2		45.19		54.1		1.405
5.12535e+07		33.3743		46.8312		0		0.25		0.25		0.25		0.25		0.25		31647.3		44.605		54.65		1.4175
5.12615e+07		33.844		46.6932		0.25		0.25		0		0.25		0.25		0		31792.9		44.03		55.2		1.435
5.12695e+07		34.3132		46.5545		0		0		0		0.25		0.25		0.25		31938		43.4675		55.745		1.45
5.12775e+07		34.7827		46.414		0		0		0.75		0.25		0		0		32082.1		42.91		56.28		1.465
5.12855e+07		35.252		46.2725		0		0		0.75		0.25		0.25		0.25		32224.2		42.365		56.81		1.4775
5.12935e+07		35.721		46.1297		0		0		0		0.75		0.5		0.5		32365.6		41.8275		57.3275		1.495
5.13015e+07		36.19		45.9858		0.5		0.5		0		0.25		0		0		32506		41.3		57.84		1.5125
5.13095e+07		36.6588		45.8405		0		0		0		0.25		0.25		0		32644.8		40.78		58.35		1.53
5.13175e+07		37.1275		45.6935		0		0.75		0		0.75		0.75		0.5		32782		40.27		58.8525		1.545
5.13255e+07		37.596		45.5455		0.25		0.25		0.5		0		0		0		32918.1		39.765		59.3425		1.565
5.30775e+07		37.3368		231.775		0		0.75		0		47.375		0.75		0		32811.1		29.7325		119.417		1.985
5.30855e+07		36.8695		231.628		0		0.25		0.75		59.5		2		0.5		32616		30.1525		119.848		1.9575
5.30935e+07		36.4015		231.482		0		0		0.25		54.375		1.5		0.25		32420.6		30.57		120.283		1.9275
5.31015e+07		35.9335		231.338		0		0.5		1		44.5		1.25		0.25		32225.1		31		120.723		1.9
5.31095e+07		35.4655		231.195		0		0		0.25		32.5		1.75		0.5		32030.2		31.4225		121.165		1.8725
5.31175e+07		34.9975		231.053		0.25		0		0.75		24.25		2		0.75		31834.1		31.8625		121.608		1.8475
5.31255e+07		34.5295		230.912		0		0.25		0.25		23		5.25		0.5		31638		32.2975		122.06		1.8225
5.31335e+07		34.061		230.773		0.25		0.25		0.25		26		11.5		0		31441.9		32.7425		122.512		1.7975
5.31415e+07		33.5925		230.635		0		0		0		29.125		16.75		0.5		31246.6		33.19		122.972		1.7725
5.31495e+07		33.1237		230.498		0		0.25		1.25		38.625		28.375		0.25		31051.4		33.64		123.435		1.75
5.31575e+07		32.6553		230.362		0		0		0.75		38.375		28.25		0.25		30855.8		34.0975		123.905		1.73
5.31655e+07		32.1865		230.227		0.25		0.25		0		26		20.25		0.25		30660.7		34.5625		124.375		1.7075
5.31735e+07		31.7175		230.093		0		0		0		13.5		7.75		0.5		30465.8		35.0275		124.85		1.685
5.31815e+07		31.2485		229.96		0.75		0		0.75		7.5		4.5		0.25		30271.6		35.5		125.332		1.665
5.31895e+07		30.7793		229.828		0.25		0.25		0		3.75		1.5		0		30078.1		35.98		125.82		1.645
5.31975e+07		30.31		229.697		0.25		0		0.25		3.25		1.75		0.75		29885.8		36.4625		126.315		1.625
5.32055e+07		29.8407		229.567		0.25		0		0.25		2		1.5		0.5		29693.3		36.9525		126.812		1.6075
5.32135e+07		29.3713		229.438		0.25		0.75		0		1		0.25		0		29501.6		37.4475		127.315		1.59
5.32215e+07		28.902		229.31		0.25		0.5		0.25		2.25		0.75		0.25		29310.7		37.9475		127.822		1.575
5.32295e+07		28.4323		229.182		0		0		0		1.25		0		0		29120.7		38.4525		128.337		1.5575
5.42695e+07		-32.729		214.407		0.25		0.25		0.25		2.25		1		0.25		29162.4		137.823		127.945		1.5225
5.42775e+07		-33.1958		214.271		0.5		0.25		0.5		1.5		0.75		0.25		29344		138.318		127.402		1.5375
5.42855e+07		-33.6623		214.135		0.75		0.5		0		1.5		0.25		0.25		29525.8		138.805		126.867		1.555
5.42935e+07		-34.1287		213.996		0.5		0.5		0.25		2		0.75		0		29707.8		139.283		126.335		1.5675
5.43015e+07		-34.595		213.857		0		0		0.25		3.25		1.5		0.25		29890.6		139.753		125.815		1.585
5.43095e+07		-35.061		213.717		0.5		0.5		0		2		0		0		30073.6		140.217		125.298		1.605
5.43175e+07		-35.527		213.576		0		0.25		0.25		4		1.5		0.25		30256.9		140.675		124.785		1.62
5.43255e+07		-35.9928		213.433		0		0.25		0.75		4		2		0.5		30440.3		141.13		124.285		1.64
5.43335e+07		-36.4585		213.289		0		0		0.5		4.75		2.25		0		30623.3		141.572		123.785		1.66
5.43415e+07		-36.9242		213.143		-0.25		0.5		0		9		5		0		30807		142.01		123.292		1.68
5.43495e+07		-37.3895		212.997		0		0		0.5		12.75		6.5		0.75		30990.8		142.443		122.81		1.7
5.43575e+07		-37.8548		212.849		0.25		0.25		0		22.625		14.5		0		31174.6		142.867		122.33		1.72
5.43655e+07		-38.3197		212.699		0		0		0.75		38.625		24.75		0		31358.4		143.285		121.853		1.7425
5.43735e+07		-38.7848		212.548		0.25		0		0.5		61.125		45.75		0		31541.4		143.695		121.385		1.765
5.43815e+07		-39.2493		212.396		0.75		0		0.5		59.75		36		0.25		31725		144.105		120.92		1.7875
5.43895e+07		-39.714		212.241		0.25		0		0.25		49		27.625		0.5		31908.5		144.503		120.463		1.81
5.43975e+07		-40.178		212.085		0		0.25		0		37.375		10.25		0.25		32091.9		144.897		120.007		1.835
5.44055e+07		-40.642		211.928		0.25		0.5		0.25		37.375		2.75		0.5		32274.9		145.288		119.557		1.86
5.44135e+07		-41.106		211.769		0		0		0.5		46.625		3.75		0.25		32457.8		145.667		119.115		1.8875
5.44215e+07		-41.57		211.608		0		0.75		0		53		0.75		0.5		32640.3		146.048		118.675		1.9125
5.44295e+07		-42.0335		211.445		1		0.25		0.25		59.125		1.25		0		32822.1		146.42		118.24		1.94
5.90295e+07		43.8388		208.732		0.25		0.25		0.5		51.125		2.75		0.75		32989.8		28.8225		118.38		2.105
5.90375e+07		43.3735		208.561		0		0.25		0.25		43.625		2		0.5		32797.6		29.21		118.783		2.07
5.90455e+07		42.908		208.391		0		0		0		47.375		1.75		0.5		32606.2		29.6		119.19		2.0375
5.90535e+07		42.4425		208.224		0.25		0.25		0.25		49.25		1.75		0.75		32414.1		29.99		119.595		2.005
5.90615e+07		41.9765		208.059		0.25		0.25		0.75		57.375		1.75		0.75		32221.7		30.3825		120.002		1.9775
5.90695e+07		41.5105		207.896		0.5		0.5		1		48.375		1.25		0		32030.8		30.78		120.412		1.9475
5.90775e+07		41.0443		207.734		0.25		0.25		0.25		62.25		5.25		0.5		31838.7		31.18		120.827		1.92
5.90855e+07		40.578		207.575		0.25		0.5		0.25		56.5		2		0		31647		31.5825		121.245		1.8925
5.90935e+07		40.1112		207.417		0.25		0		0		63.25		2		0.25		31456.8		31.99		121.665		1.865
5.91015e+07		39.6447		207.261		0.25		0.5		0.25		48.5		10.25		0.25		31266		32.4025		122.087		1.84
5.91095e+07		39.1777		207.106		0.25		0.25		0.25		59.125		33.875		0.5		31075.6		32.8125		122.51		1.815
5.91175e+07		38.7108		206.953		0.25		0.5		0.5		58.25		44.625		1.5		30886.8		33.2275		122.94		1.79
5.91255e+07		38.2435		206.802		0.25		0		0.25		52.375		39		0.5		30698		33.65		123.37		1.7675
5.91335e+07		37.7765		206.652		0.25		0.75		0		34.75		27		0.25		30509.8		34.07		123.805		1.7475
5.91415e+07		37.3085		206.503		0		0.5		0.5		26.75		20.75		0		30322.7		34.495		124.24		1.725
5.91495e+07		36.8415		206.357		0.25		0.25		0.25		15		12		0.25		30137		34.9275		124.685		1.7025
5.91575e+07		36.3735		206.211		0.25		0.5		0		9		5.5		0.25		29951.5		35.3625		125.128		1.68
5.91655e+07		35.9055		206.067		0		0		0.25		3.25		1.5		0.5		29767		35.8		125.577		1.66
5.91735e+07		35.4375		205.923		0		0.25		0.5		4.5		1.75		0.25		29583.9		36.2425		126.027		1.6425
5.91815e+07		34.9695		205.782		0		0.5		0		2.25		1.25		0.25		29402.6		36.69		126.485		1.625
5.91895e+07		34.5015		205.641		0.5		0		0		1.25		0.25		0.25		29221.6		37.145		126.945		1.605
5.91975e+07		34.0325		205.502		0.25		0.25		0.25		1.25		0.75		0.25		29041.9		37.6		127.41		1.5875
6.01735e+07		-23.3988		191.663		0		0		0.5		0.25		0.25		0.25		29171.9		132.272		134.512		1.3675
6.01815e+07		-23.8678		191.544		0		0		0.5		0.25		0.25		0		29362.1		132.893		133.855		1.3775
6.01895e+07		-24.3365		191.423		0		0.5		0		1		0.75		0.5		29552.9		133.507		133.207		1.3875
6.01975e+07		-24.8055		191.303		0		0		0.5		0.75		0.5		0.25		29744.4		134.11		132.568		1.4025
6.02055e+07		-25.274		191.182		0		0		0		0.25		0.25		0		29936.5		134.702		131.935		1.415
6.02135e+07		-25.7425		191.06		0		0.25		0.25		0		0		0		30129.1		135.29		131.31		1.4275
6.02215e+07		-26.2113		190.937		0		0		0		0.75		0.75		0.5		30322.1		135.868		130.698		1.445
6.02295e+07		-26.6795		190.814		0		0		0.5		0		0		0		30515.5		136.435		130.085		1.4575
6.02375e+07		-27.1475		190.689		0		0.5		0.5		1		0.75		0.5		30709.1		136.997		129.485		1.475
6.02455e+07		-27.6155		190.564		0		0		0.25		0.25		0		0		30903		137.548		128.895		1.4875
6.02535e+07		-28.0835		190.439		0		0.25		0		0.5		0.5		0.5		31097.1		138.09		128.31		1.505
6.02615e+07		-28.5515		190.312		0		0.25		0.25		0.25		0.25		0.25		31291.2		138.63		127.73		1.5225
6.02695e+07		-29.0195		190.185		0		0		0.25		0.25		0.25		0		31485.5		139.155		127.163		1.535
6.02775e+07		-29.4875		190.057		0		0.25		0.25		0.25		0		0		31679.3		139.675		126.598		1.555
6.02855e+07		-29.9548		189.928		0.25		0		0.25		0.75		0.75		0.5		31873.1		140.188		126.042		1.57
6.02935e+07		-30.4225		189.798		0		0		0.25		0		0		0		32067.1		140.693		125.493		1.59
6.03015e+07		-30.8897		189.667		0.25		0		0.25		0		0		0		32261		141.188		124.95		1.61
6.03095e+07		-31.357		189.535		0.25		0.5		0		0.25		0.25		0.25		32454.7		141.68		124.418		1.63
6.03175e+07		-31.824		189.402		0.25		0.25		0.5		1.25		1.25		0.5		32648.1		142.16		123.885		1.65
6.03255e+07		-32.291		189.269		0		0.5		0		2		1.25		0.25		32840.9		142.635		123.365		1.67
6.50455e+07		46.595		184.532		0.25		0		0.75		42.625		2.25		0.75		32865.5		30.6975		119.495		2.0175
6.50535e+07		46.131		184.347		0.75		0.25		0.75		40		2.5		0.5		32680.8		31.0825		119.91		1.9875
6.50615e+07		45.667		184.165		0		0.25		0.5		40		2		0.5		32495.2		31.475		120.325		1.9575
6.50695e+07		45.2028		183.984		0		0		0		38.75		2.5		0.75		32310.6		31.87		120.745		1.9275
6.50775e+07		44.738		183.807		0.75		0		0.25		30.125		1.5		0.5		32125.4		32.27		121.17		1.9
6.50855e+07		44.273		183.631		0.25		0		0.5		21.25		1.5		0.5		31940.2		32.665		121.592		1.8725
6.50935e+07		43.8077		183.458		0.25		0		0		9.25		2.75		0		31756.5		33.07		122.022		1.8475
6.51015e+07		43.3428		183.287		0		0.5		0.25		7.75		4.25		0.5		31571.9		33.4775		122.455		1.82
6.51095e+07		42.8773		183.118		0		0		0.25		6.75		2.75		0.75		31388.2		33.885		122.885		1.795
6.51175e+07		42.4115		182.951		0		0		0		5.25		2.25		0		31205.5		34.2975		123.325		1.77
6.51255e+07		41.9455		182.786		0		0.25		0.25		5		3.75		1		31022.6		34.715		123.765		1.75
6.51335e+07		41.4795		182.623		0.75		0.25		0.5		1.25		0.5		0		30840.9		35.1325		124.21		1.7275
6.51415e+07		41.0135		182.462		0.25		0.25		0.25		1.25		0.5		0		30660		35.5575		124.658		1.705
6.51495e+07		40.547		182.302		0.25		0		0.25		2.25		0.5		0.25		30479.2		35.9825		125.108		1.685
6.51575e+07		40.0802		182.144		0		0.75		0.5		0.75		0.25		0.25		30300		36.415		125.562		1.665
6.51655e+07		39.6138		181.988		0		0		0		2.5		1		0.25		30121.6		36.8525		126.02		1.645
6.51735e+07		39.1468		181.833		0		0		0		1.25		0.5		0		29943.8		37.2925		126.485		1.625
6.51815e+07		38.6798		181.681		0.5		0		0.25		0		0		0		29767.3		37.735		126.952		1.605
6.51895e+07		38.2125		181.53		0		0		0.25		0.75		0.25		0		29592.4		38.1825		127.42		1.5875
6.51975e+07		37.7455		181.38		0.25		0.25		0		0.5		0.25		0.25		29418		38.635		127.9		1.57
6.52055e+07		37.2775		181.232		0		0		0.25		0		0		0		29244.8		39.0925		128.38		1.555
6.52135e+07		36.8105		181.085		0		0.25		0.25		1		0		0		29073.7		39.56		128.862		1.535
6.61015e+07		-15.4455		168.344		0		0		0.25		0.25		0.25		0.25		29186		127.087		140.768		1.26
6.61095e+07		-15.916		168.233		0		0		0		0.5		0		0		29385.2		127.812		140.025		1.27
6.61175e+07		-16.386		168.121		0		0		0		0.25		0.25		0		29586.4		128.527		139.285		1.28
6.61255e+07		-16.8565		168.009		0		0.25		0		0.25		0.25		0.25		29788.2		129.238		138.555		1.29
6.61335e+07		-17.3265		167.896		0		0		0		0		0		0		29991.1		129.933		137.835		1.3
6.61415e+07		-17.7965		167.783		0.25		0		0		0.5		0.25		0		30195.7		130.625		137.122		1.3125
6.61495e+07		-18.2665		167.67		0		0		0		0.25		0.25		0.25		30400.5		131.307		136.42		1.3225
6.61575e+07		-18.7362		167.556		0		0.25		0.5		0.5		0.5		0.5		30606.2		131.977		135.725		1.335
6.61655e+07		-19.206		167.442		0		0		0.25		0		0		0		30812.9		132.643		135.038		1.345
6.61735e+07		-19.676		167.327		0		0		0.25		0.75		0.25		0		31020.2		133.292		134.357		1.3575
6.61815e+07		-20.1455		167.212		0		0		0		0.25		0.25		0.25		31227.8		133.938		133.688		1.3675
6.61895e+07		-20.615		167.096		0		0.25		0.5		0.25		0.25		0.25		31435.8		134.578		133.022		1.3825
6.61975e+07		-21.0847		166.98		0		0.25		0.5		0.25		0.25		0		31644.1		135.2		132.367		1.395
6.62055e+07		-21.554		166.864		0.25		0		0		1		0.75		0.75		31852.7		135.82		131.723		1.4075
6.62135e+07		-22.0232		166.746		0		0.25		0		0.25		0.25		0		32061.5		136.432		131.082		1.4225
6.62215e+07		-22.4928		166.629		0		0.5		0.25		0		0		0		32270.3		137.035		130.452		1.435
6.62295e+07		-22.9618		166.51		0		0.25		0.25		0.25		0.25		0.25		32479.5		137.628		129.83		1.4525
6.62375e+07		-23.4307		166.391		0		0.25		0		0.5		0.5		0.5		32688.7		138.215		129.217		1.465
6.62455e+07		-23.8997		166.272		1.25		0		0.25		1		0.75		0.5		32897.3		138.792		128.605		1.485
7.11575e+07		43.7773		158.182		0		0		0.75		2.5		0.5		0		32835.9		35.165		122.525		1.7175
7.11655e+07		43.3118		158.012		0.5		0		0.25		2.75		1		0		32669.8		35.5975		122.992		1.695
7.11735e+07		42.8465		157.842		0		0.25		0.25		2.5		1.75		0.5		32504.7		36.035		123.465		1.6725
7.11815e+07		42.3805		157.676		0		0.75		0.75		1.5		0.25		0		32338.6		36.4775		123.94		1.65
7.11895e+07		41.915		157.51		0		0		0.5		1.25		0.25		0.25		32172.2		36.9275		124.43		1.63
7.11975e+07		41.4487		157.348		0		0.25		0.5		2		1.25		0.25		32007.2		37.38		124.918		1.61
7.12055e+07		40.9825		157.186		0		0.25		0.75		2.5		1		0.25		31841		37.84		125.41		1.59
7.12135e+07		40.5163		157.027		0		0		0.5		1.25		0.5		0		31674.8		38.3025		125.91		1.5725
7.12215e+07		40.0498		156.87		0.25		0		0		1.5		0.75		0.25		31510.3		38.77		126.417		1.555
7.12295e+07		39.583		156.714		0		0		0		0.5		0.25		0		31344.7		39.2475		126.925		1.54
7.12375e+07		39.116		156.559		0.25		0.5		0		0.25		0.25		0		31179.4		39.7275		127.445		1.5225
7.12455e+07		38.6488		156.407		0		1		0.25		1		0.25		0		31015.5		40.215		127.967		1.505
7.12535e+07		38.1815		156.255		0		0.25		0		0.25		0		0		30851.4		40.71		128.5		1.4875
7.12615e+07		37.7145		156.105		0		0		0		0		0		0		30687.6		41.205		129.038		1.4725
7.12695e+07		37.2465		155.958		0		0.25		0.25		0.25		0.25		0.25		30524.7		41.7175		129.577		1.4575
7.12775e+07		36.7795		155.811		0.25		0		0		0.25		0.25		0.25		30363		42.2275		130.128		1.4425
7.12855e+07		36.3115		155.665		0		0.5		0.5		0.5		0.25		0		30201.2		42.745		130.682		1.4275
7.12935e+07		35.8435		155.521		0.25		0		0		0		0		0		30040.1		43.2725		131.247		1.415
7.13015e+07		35.3755		155.378		0		0		0.25		1.5		1.5		1.25		29880		43.81		131.818		1.4025
7.13095e+07		34.9075		155.236		0		0		0.25		0		0		0		29721.9		44.35		132.395		1.3875
7.13175e+07		34.4393		155.096		0		0.25		0.25		0.25		0		0		29563.7		44.8975		132.98		1.375
7.13255e+07		33.9705		154.957		0		0.5		0.25		0.5		0.5		0.25		29406.6		45.4525		133.575		1.3625
7.13335e+07		33.5023		154.819		0		0		0		0.25		0.25		0.25		29250.6		46.0175		134.175		1.3525
7.13415e+07		33.0335		154.682		0		0		0.25		0		0		0		29095.8		46.59		134.78		1.3375
7.20615e+07		-9.3575		144.494		0		0		0.25		0.25		0.25		0		29169		122.902		146.36		1.1775
7.20695e+07		-9.8285		144.387		0.25		0		0.25		0		0		0		29356.9		123.695		145.548		1.1825
7.20775e+07		-10.2995		144.279		0		0		0		0.75		0.75		0.75		29547.2		124.475		144.74		1.19
7.20855e+07		-10.7705		144.17		0.25		0		0.25		0.25		0.25		0.25		29739.2		125.255		143.945		1.1975
7.20935e+07		-11.2413		144.061		0		0		0.25		0.25		0.25		0.25		29933.2		126.022		143.16		1.205
7.21015e+07		-11.7122		143.952		0		0		0.25		0.25		0.25		0.25		30129.6		126.777		142.38		1.215
7.21095e+07		-12.1827		143.844		0.25		0		0.5		0.25		0.25		0		30327.4		127.527		141.61		1.2225
7.21175e+07		-12.6537		143.734		0		0		0.25		0.25		0.25		0		30527.2		128.27		140.845		1.23
7.21255e+07		-13.1245		143.625		0		0.25		0		0.25		0.25		0.25		30728.2		129.003		140.095		1.24
7.21335e+07		-13.5948		143.515		0		0		0.5		0		0		0		30930.7		129.73		139.35		1.25
7.21415e+07		-14.0655		143.405		0		0		0		0.25		0.25		0.25		31134.5		130.443		138.612		1.2575
7.21495e+07		-14.536		143.295		0		0		0		0.25		0.25		0.25		31339.8		131.152		137.885		1.2675
7.21575e+07		-15.0065		143.184		0		0		0		0.5		0.25		0.25		31545.5		131.85		137.165		1.2775
7.21655e+07		-15.4768		143.073		0		0		0		0.75		0.75		0.75		31752.6		132.537		136.452		1.2875
7.21735e+07		-15.9473		142.961		0		0		0.25		0.5		0.5		0.25		31960.5		133.223		135.75		1.3
7.21815e+07		-16.4175		142.85		0		0.25		0.5		0.5		0.5		0.5		32169.1		133.897		135.058		1.3125
7.21895e+07		-16.8875		142.737		0		0		0		0.25		0.25		0.25		32378.4		134.56		134.368		1.3225
7.21975e+07		-17.3577		142.625		0		0		0.25		0		0		0		32587.9		135.22		133.69		1.335
7.22055e+07		-17.8277		142.512		0		0		0.25		1.25		1.25		1		32797.8		135.87		133.02		1.3475
7.73735e+07		34.882		129.964		0		0		0.5		0.25		0.25		0		32944.3		42.5275		129.478		1.365
7.73815e+07		34.4135		129.824		0		0.5		0.25		0		0		0		32784.2		43.0875		130.08		1.355
7.73895e+07		33.9455		129.684		0		0		0		0.5		0.5		0.25		32625		43.655		130.69		1.3425
7.73975e+07		33.4767		129.546		0.25		0		0.25		0.25		0.25		0		32464.9		44.235		131.312		1.3325
7.74055e+07		33.0083		129.41		0		0		0		0		0		0		32304.5		44.8225		131.938		1.3175
7.74135e+07		32.5395		129.274		0.25		0.25		0		0.25		0.25		0.25		32144.2		45.4175		132.577		1.3075
7.74215e+07		32.0705		129.139		0		0.5		0.5		0.25		0.25		0.25		31984.1		46.0225		133.223		1.295
7.74295e+07		31.6018		129.006		0		0		0		1.25		0.75		0.5		31824.2		46.635		133.875		1.285
7.74375e+07		31.1327		128.873		0		0.25		0.75		0		0		0		31666.2		47.2575		134.54		1.2725
7.74455e+07		30.6632		128.742		0		0		0.25		0.25		0		0		31507.2		47.8925		135.21		1.2625
7.74535e+07		30.194		128.611		0		0		0.25		0.5		0.5		0.5		31348.8		48.5375		135.892		1.2525
7.74615e+07		29.725		128.481		0		0		0		0.75		0.5		0.25		31191.1		49.185		136.585		1.245
7.74695e+07		29.2553		128.352		0		0.25		0.5		0.25		0.25		0.25		31034.2		49.85		137.285		1.235
7.74775e+07		28.7857		128.224		0.25		0		0.25		0.75		0.75		0.75		30878.2		50.5225		137.992		1.225
7.74855e+07		28.316		128.096		0		0		0.25		0		0		0		30723.2		51.205		138.712		1.2175
7.74935e+07		27.8465		127.97		0.25		0.25		0.25		0		0		0		30569.3		51.8975		139.443		1.2075
7.75015e+07		27.3765		127.845		0		0		0.75		0.25		0		0		30416.7		52.6		140.182		1.2
7.75095e+07		26.9065		127.72		0		0		0		0.25		0.25		0.25		30265.5		53.31		140.928		1.19
7.75175e+07		26.4368		127.596		0.25		0		0.25		0.5		0.25		0.25		30115.8		54.035		141.69		1.1825
7.75255e+07		25.9665		127.472		0		0.25		0.25		0.5		0.5		0.5		29967.6		54.7675		142.452		1.175
7.75335e+07		25.4965		127.35		0.25		0.25		0		0.25		0.25		0		29821.3		55.51		143.233		1.17
7.75415e+07		25.0265		127.228		0		0		0		0.25		0.25		0.25		29676.8		56.265		144.02		1.1625
7.75495e+07		24.5562		127.106		0.25		0.5		0.25		0.5		0.25		0		29534.3		57.03		144.82		1.155
7.75575e+07		24.0858		126.986		0		0.5		0		0		0		0		29393.9		57.805		145.625		1.15
7.75655e+07		23.6155		126.866		0.25		0		0.75		0.5		0.5		0.5		29255.8		58.59		146.442		1.14
7.75735e+07		23.1448		126.746		0.25		0		0		1		0.75		0.5		29120		59.38		147.273		1.135
7.80535e+07		-5.141		120.188		0.5		0		0.25		0.25		0.25		0.25		29061		117.308		152.63		1.1
7.80615e+07		-5.61225		120.081		0		0		0.25		0.5		0.5		0.5		29209.8		118.21		151.715		1.11
7.80695e+07		-6.0835		119.975		0.25		0		0.5		0.75		0.5		0		29362.6		119.107		150.807		1.11
7.80775e+07		-6.555		119.868		0		0.25		0.25		0		0		0		29518.3		119.997		149.908		1.12
7.80855e+07		-7.02625		119.761		0.25		0		0.25		0		0		0		29677.4		120.88		149.01		1.1225
7.80935e+07		-7.49725		119.654		0		0.25		0.25		0.25		0.25		0		29839.8		121.75		148.13		1.13
7.81015e+07		-7.96875		119.547		0		0.5		0		0		0		0		30004.5		122.61		147.255		1.1375
7.81095e+07		-8.43975		119.44		0		0		0		0.25		0		0		30172.7		123.46		146.39		1.1425
7.81175e+07		-8.911		119.332		0		0		0		0.5		0.5		0.25		30342.8		124.305		145.535		1.15
7.81255e+07		-9.382		119.224		0		0		0.25		0		0		0		30516.2		125.14		144.685		1.1575
7.81335e+07		-9.853		119.117		0		0.25		0		0		0		0		30691.1		125.965		143.847		1.1625
7.81415e+07		-10.324		119.008		0		0		0		0		0		0		30868.7		126.785		143.02		1.17
7.81495e+07		-10.795		118.9		0		0		0.25		0.25		0		0		31048.3		127.59		142.197		1.18
7.81575e+07		-11.2657		118.792		0		0		0		0.5		0.25		0		31229.5		128.387		141.387		1.19
7.81655e+07		-11.7365		118.684		0.5		0.25		0		0.25		0		0		31412.7		129.18		140.585		1.1975
7.81735e+07		-12.2075		118.575		0		0.25		0		0		0		0		31597.2		129.962		139.79		1.2075
7.81815e+07		-12.6783		118.465		0		0.25		0		0.5		0.5		0		31783.2		130.73		139.01		1.215
7.81895e+07		-13.1488		118.356		0		0.75		0		0.25		0.25		0		31970.9		131.492		138.232		1.225
7.81975e+07		-13.6195		118.246		0		0.25		0		0.5		0.5		0.25		32159.3		132.245		137.467		1.235
7.82055e+07		-14.0903		118.136		0		0.75		0		0.5		0.5		0.25		32348.9		132.99		136.712		1.245
7.82135e+07		-14.5605		118.026		0.5		0		0		0.25		0.25		0.25		32539.2		133.725		135.962		1.255
7.82215e+07		-15.031		117.915		0.25		0		0.25		0.5		0.25		0.25		32730.8		134.45		135.225		1.265
7.82295e+07		-15.5015		117.803		0		0.25		0.5		0.75		0.5		0.5		32922.2		135.167		134.495		1.2775
8.14055e+07		23.633		283.158		0		0		0		0.5		0.25		0.25		29118.7		40.725		53.9325		1.685
8.14135e+07		24.105		283.038		0		0.25		0.5		0.25		0.25		0		29327.6		40.2425		54.4025		1.705
8.14215e+07		24.5763		282.917		0.5		0.25		0.5		0.75		0.5		0		29536.4		39.775		54.8675		1.7225
8.14295e+07		25.048		282.796		0.25		0		0		0.75		0.5		0.25		29744.4		39.3075		55.3325		1.74
8.14375e+07		25.5192		282.673		0.25		0		0.75		1.25		1		0.5		29952.2		38.845		55.79		1.7575
8.14455e+07		25.9905		282.551		0.25		0.25		0.5		1		0.75		0.75		30160.3		38.39		56.2475		1.775
8.14535e+07		26.4618		282.427		0.5		0		0.25		0.25		0.25		0.25		30367.5		37.9325		56.6975		1.795
8.14615e+07		26.933		282.303		0		0.25		0.25		0.25		0.25		0.25		30574.3		37.49		57.15		1.815
8.14695e+07		27.4037		282.178		0		0		0.25		0.25		0		0		30781.2		37.05		57.59		1.8375
8.14775e+07		27.8748		282.052		0		0.75		0.25		1		1		0.5		30986.6		36.6075		58.03		1.86
8.14855e+07		28.3455		281.925		0.5		0.25		0.5		1.5		1		0.75		31192		36.175		58.4625		1.88
8.14935e+07		28.8165		281.798		0.25		1.25		0.25		0.75		0.75		0.5		31396.3		35.745		58.9		1.9025
8.15015e+07		29.2873		281.669		0		0.25		1		1.25		1		0.75		31600		35.3175		59.3275		1.9275
8.15095e+07		29.7575		281.54		0		0.25		0.25		0.25		0.25		0.25		31802.8		34.9		59.755		1.9525
8.15175e+07		30.2283		281.41		0		0.75		0.25		1.25		0.75		0.75		32004.7		34.4825		60.175		1.9775
8.15255e+07		30.6985		281.279		0.25		0.25		0.25		0.75		0.75		0.75		32205.6		34.0725		60.5925		2.0025
8.15335e+07		31.169		281.147		0.25		0.5		0		1.75		1.75		1.5		32405.5		33.6625		61.0075		2.03
8.15415e+07		31.639		281.014		0.25		0.25		0.25		1.75		1.5		0.5		32603.9		33.26		61.42		2.0575
8.15495e+07		32.109		280.88		0		0		0.25		2		1.25		0.5		32801.9		32.855		61.825		2.0875
8.15575e+07		32.579		280.745		0.5		0		0.75		3		1.5		0.5		32997.5		32.46		62.23		2.115
8.35335e+07		29.2283		103.081		0.25		0		0.25		0		0		0		32959.8		47.345		135.42		1.2325
8.35415e+07		28.7587		102.954		0		0		0		0.25		0		0		32781.3		48.055		136.158		1.2225
8.35495e+07		28.289		102.826		0		0		0		0.25		0.25		0.25		32603.2		48.78		136.905		1.215
8.35575e+07		27.8195		102.7		0		0		0.25		0.5		0.5		0.25		32426		49.51		137.665		1.2075
8.35655e+07		27.3498		102.574		0		0		0		0.5		0.5		0.25		32249.6		50.255		138.427		1.1975
8.35735e+07		26.88		102.449		0.25		0		0		0.75		0.5		0		32074.1		51.0125		139.21		1.19
8.35815e+07		26.41		102.326		0		0.25		0		0.25		0		0		31899.9		51.78		140		1.18
8.35895e+07		25.94		102.202		0		0		0.25		0		0		0		31726.9		52.56		140.8		1.17
8.35975e+07		25.4695		102.08		0		0		0		0.25		0.25		0.25		31555.4		53.35		141.605		1.1625
8.36055e+07		24.9995		101.958		0		0.25		0.25		0		0		0		31385.6		54.15		142.43		1.155
8.36135e+07		24.5295		101.837		0		0.25		0.25		0		0		0		31217.4		54.9625		143.262		1.15
8.36215e+07		24.0588		101.716		0.25		0.25		0		0.5		0.25		0.25		31051.2		55.785		144.105		1.1425
8.36295e+07		23.5885		101.596		0		0		0.25		0		0		0		30886		56.6225		144.957		1.135
8.36375e+07		23.1182		101.477		0		0.25		0		0.25		0.25		0.25		30723.8		57.4675		145.82		1.13
8.36455e+07		22.6475		101.358		0		0.25		0.25		0		0		0		30564.4		58.33		146.695		1.12
8.36535e+07		22.1768		101.24		0		0.25		0.5		0		0		0		30407.4		59.1975		147.58		1.115
8.36615e+07		21.7062		101.123		0		0.25		0		0.25		0.25		0		30253.2		60.08		148.475		1.11
8.36695e+07		21.2355		101.006		0.25		0.25		0.25		0.5		0.5		0.25		30101.9		60.97		149.383		1.1025
8.36775e+07		20.7647		100.89		0.25		0.25		0		0		0		0		29952.3		61.875		150.295		1.1
8.36855e+07		20.294		100.774		0		0		0		0.25		0.25		0.25		29807.2		62.79		151.223		1.0925
8.36935e+07		19.823		100.658		0		0		0.25		0.25		0.25		0.25		29665.5		63.7125		152.158		1.09
8.37015e+07		19.3522		100.543		0		0		0.25		0		0		0		29527.3		64.6525		153.103		1.0825
8.37095e+07		18.8813		100.428		0		0.25		0.25		0.25		0.25		0		29391.5		65.6		154.057		1.08
8.37175e+07		18.41		100.314		0		0		0		0.5		0.5		0.25		29260.8		66.5575		155.018		1.075
8.37255e+07		17.939		100.2		0		0.25		0.25		0.5		0.25		0		29134.1		67.5275		155.99		1.07
8.37335e+07		17.468		100.087		0.25		0.5		0		0		0		0		29010.2		68.51		156.97		1.07
8.41015e+07		-4.22375		95.132		0		0.25		0.25		0.25		0.25		0.25		29085		117.545		152.438		1.09
8.41095e+07		-4.695		95.0255		0		0		0		0.25		0.25		0		29201.7		118.518		151.47		1.09
8.41175e+07		-5.1665		94.9193		0.25		0.75		0.25		0.25		0		0		29321.8		119.48		150.508		1.1
8.41255e+07		-5.63775		94.813		0		0		0		0.25		0.25		0		29444.7		120.438		149.555		1.105
8.41335e+07		-6.109		94.7063		0		0		0.5		0		0		0		29569.9		121.382		148.615		1.11
8.41415e+07		-6.5805		94.5997		0.5		0.25		0		0.5		0.25		0.25		29698		122.312		147.68		1.115
8.41495e+07		-7.05175		94.4928		0		0.25		0.25		0		0		0		29827.7		123.238		146.762		1.12
8.41575e+07		-7.523		94.386		0.25		0		0		0.25		0.25		0.25		29960.2		124.155		145.845		1.13
8.41655e+07		-7.994		94.279		0		0		0.25		0.25		0		0		30094.4		125.055		144.945		1.135
8.41735e+07		-8.465		94.1715		0		0.25		0.5		1		1		0.75		30230.3		125.942		144.057		1.1425
8.41815e+07		-8.93625		94.0643		0.25		0		0		0.25		0.25		0.25		30367.8		126.827		143.173		1.15
8.41895e+07		-9.4075		93.9565		0.25		0.25		0.25		0.25		0.25		0		30506.8		127.697		142.303		1.1575
8.41975e+07		-9.87825		93.8485		0		0.5		0		0.25		0.25		0		30646.7		128.557		141.443		1.165
8.42055e+07		-10.3493		93.7405		0		0		0.25		0		0		0		30788.1		129.405		140.595		1.1725
8.42135e+07		-10.8202		93.6325		0		0		0		0.5		0.5		0.5		30930		130.24		139.76		1.18
8.42215e+07		-11.2913		93.5238		0		0		0		0.25		0.25		0.25		31073		131.07		138.93		1.19
8.42295e+07		-11.7618		93.4153		0.25		0.25		0		0.25		0.25		0.25		31216.7		131.882		138.115		1.2
8.42375e+07		-12.2327		93.3062		0		0		0		0		0		0		31360.4		132.688		137.31		1.21
8.42455e+07		-12.7033		93.197		0		0.25		0.25		0		0		0		31504.5		133.485		136.508		1.22
8.42535e+07		-13.1742		93.0875		0		0.25		0.5		0.25		0.25		0.25		31649		134.27		135.725		1.23
8.42615e+07		-13.6445		92.9775		0		0		0.25		0.75		0.5		0.25		31793.2		135.043		134.957		1.2375
8.42695e+07		-14.1152		92.8675		0		0.25		0		0.5		0.5		0.5		31937.3		135.807		134.188		1.2475
8.42775e+07		-14.5855		92.7572		0		0		0.25		0.5		0.5		0.25		32081.4		136.56		133.435		1.26
8.42855e+07		-15.056		92.6463		0.25		0.25		0.5		0		0		0		32224.4		137.3		132.695		1.2725
8.42935e+07		-15.5265		92.535		0		0.5		0.25		0		0		0		32367.2		138.033		131.958		1.2825
8.43015e+07		-15.9965		92.424		0		0.5		0		0		0		0		32509.3		138.758		131.238		1.295
8.43095e+07		-16.467		92.312		0.25		0.25		0		0.5		0.5		0.25		32650.7		139.465		130.525		1.3075
8.43175e+07		-16.937		92.2		0		0		0.75		0.75		0.75		0.75		32791.1		140.17		129.822		1.3225
8.43255e+07		-17.407		92.0872		0.25		0.25		0		0.25		0.25		0.25		32930.1		140.865		129.135		1.335
