1.32951e+06		-49.8078		271.132		0		0.5		0.5		94.75		26		0.75		24896.1		148.658		64.58		1.835
1.33751e+06		-49.3475		270.927		0.5		0.5		0.25		72.875		22.375		1.5		24780.1		148.327		64.2775		1.815
1.34551e+06		-48.8873		270.726		0.25		0		0.5		51.5		14.75		0.5		24664.4		147.992		63.9675		1.795
1.35351e+06		-48.4265		270.528		0		0		0.75		52.5		15.5		0.5		24550.2		147.658		63.6625		1.775
1.36151e+06		-47.9652		270.332		0		0.25		0.25		39.875		10.75		0.25		24436.4		147.32		63.3525		1.7575
1.36951e+06		-47.504		270.14		0		0.25		0.75		36.875		4.75		0.25		24324		146.975		63.04		1.74
1.37751e+06		-47.042		269.951		0		0		0.25		33.125		5.25		1		24212.6		146.625		62.7175		1.72
1.38551e+06		-46.58		269.763		0.25		0.25		0.25		33.25		4.75		0.25		24101.8		146.275		62.3975		1.705
1.39351e+06		-46.1177		269.579		0.25		0.5		0.25		32.125		4		0.5		23992.4		145.915		62.08		1.685
1.40151e+06		-45.6555		269.397		0.25		0.75		0.5		31.625		4		0		23883.8		145.555		61.745		1.6725
1.40951e+06		-45.1927		269.218		0		0.25		0.25		31.25		4.25		0.25		23776.4		145.19		61.4175		1.655
1.41751e+06		-44.7297		269.04		0		0.25		0.25		27.375		4		0.5		23669.5		144.818		61.085		1.64
1.42551e+06		-44.2668		268.866		0.5		0.25		0		26.25		5.5		0		23564.2		144.443		60.7375		1.625
1.43351e+06		-43.803		268.693		0.25		0		0.5		21.75		5		0.75		23459.9		144.062		60.4025		1.6075
1.44151e+06		-43.3395		268.522		0		0.25		0		20		3.5		0		23356.4		143.675		60.05		1.595
1.44951e+06		-42.8752		268.354		0.25		0		0.25		16		4.75		0.25		23254.1		143.283		59.7		1.58
1.45751e+06		-42.4113		268.188		0		0.25		0.25		14.75		3		0.5		23152.7		142.885		59.3375		1.565
1.46551e+06		-41.947		268.023		0		0		0		11.75		2.75		0.75		23052.4		142.48		58.9775		1.5525
1.47351e+06		-41.4825		267.86		0.25		0		0.25		15		4.5		0.5		22953.2		142.075		58.6175		1.5375
1.48151e+06		-41.0177		267.699		0		0.25		0.25		10.5		3.25		0.25		22855.1		141.655		58.24		1.5275
1.48951e+06		-40.553		267.54		0		0.5		0.25		12.25		3.5		0.25		22758.1		141.232		57.865		1.515
1.49751e+06		-40.0877		267.383		0.25		0		0.25		11.75		2.25		0.25		22662.2		140.805		57.4875		1.5025
1.50551e+06		-39.6225		267.227		0.25		0		0		10.25		3		0.5		22567.1		140.367		57.1		1.4925
1.51351e+06		-39.157		267.073		0.25		0		0.5		6.75		3		0		22473.3		139.925		56.715		1.4775
1.52151e+06		-38.6915		266.921		0		0.5		0		5.75		1		0.25		22380.2		139.477		56.3125		1.4675
1.52951e+06		-38.2255		266.77		0		0		0		5.5		2		0.75		22288.6		139.018		55.915		1.4575
1.53751e+06		-37.7593		266.62		0.5		0.25		0		4		1.25		0.25		22198.1		138.557		55.5125		1.445
1.54551e+06		-37.293		266.473		0.25		0		0.25		5.25		2.25		0.25		22108.4		138.085		55.0975		1.435
1.55351e+06		-36.8268		266.326		0.5		0		0.5		4.25		1.5		0		22020.1		137.607		54.685		1.425
2.23351e+06		3.194		256.393		0		0.25		0.25		0.25		0.25		0		22033.4		72.475		35.485		1.19
2.24151e+06		3.667		256.287		0.5		0.5		0		0		0		0		22161.6		71.665		35.935		1.19
2.24951e+06		4.14		256.181		0		0.75		0.5		0		0		0		22292.8		70.8625		36.395		1.1925
2.25751e+06		4.613		256.074		0		0.25		1.25		0.25		0.25		0		22426.4		70.07		36.8675		1.2
2.26551e+06		5.086		255.968		0		0.5		0.25		0.25		0.25		0.25		22563		69.285		37.3525		1.2
2.27351e+06		5.559		255.861		0.5		0.5		0.75		0.25		0.25		0		22702		68.5025		37.82		1.21
2.28151e+06		6.032		255.754		0		0.25		0.75		1		0.75		0.5		22843.6		67.7325		38.31		1.21
2.28951e+06		6.505		255.648		0.25		0		0		0.25		0.25		0		22987.9		66.97		38.81		1.215
2.29751e+06		6.978		255.54		1.25		0.25		0.25		0		0		0		23134.5		66.21		39.3075		1.22
2.30551e+06		7.451		255.433		1		0.5		0.75		0		0		0		23283.4		65.4575		39.8125		1.225
2.31351e+06		7.924		255.326		0.75		0		0		0.25		0		0		23434.4		64.715		40.305		1.23
2.32151e+06		8.397		255.218		0.25		0.25		0		0.75		0.5		0.25		23588.1		63.98		40.8225		1.2375
2.32951e+06		8.87		255.111		0.5		0		0.25		0.75		0.75		0.25		23743.5		63.25		41.3275		1.24
2.33751e+06		9.34275		255.003		0.25		0.25		0		0.75		0.75		0.25		23901		62.53		41.8375		1.25
2.34551e+06		9.816		254.895		0.25		0.75		0		0		0		0		24060.9		61.8175		42.3525		1.255
2.35351e+06		10.2887		254.786		0.25		0.25		0		0		0		0		24222.1		61.11		42.87		1.26
2.36151e+06		10.7617		254.678		0		0.25		0		0.5		0.5		0.5		24385.7		60.4125		43.38		1.2675
2.36951e+06		11.2345		254.569		0.25		0.5		0		0		0		0		24550.5		59.725		43.895		1.2725
2.37751e+06		11.7073		254.46		0.25		0.75		0.25		0.25		0.25		0.25		24717.6		59.0425		44.4125		1.28
2.38551e+06		12.18		254.351		0		0.25		0		0		0		0		24885.7		58.37		44.9175		1.2875
7.72151e+06		-30.7283		239.26		0		0		0		2		1		0.25		24914		137.952		55.29		1.3625
7.72951e+06		-30.2595		239.13		0		0		0		0.5		0.25		0		24798.4		137.382		54.82		1.355
7.73751e+06		-29.791		239		0.25		0.5		0		0.75		0.25		0.25		24684.1		136.81		54.33		1.3475
7.74551e+06		-29.3223		238.871		0		0		0.25		1.5		0.5		0.25		24570.1		136.225		53.8425		1.3375
7.75351e+06		-28.8535		238.743		0		0.25		0.25		0		0		0		24456.9		135.63		53.3575		1.33
7.76151e+06		-28.3842		238.616		0.25		0		0.25		0		0		0		24344.5		135.03		52.865		1.32
7.76951e+06		-27.9153		238.49		0.25		0.25		0.5		1.25		0.75		0.25		24233.1		134.42		52.37		1.3125
7.77751e+06		-27.4463		238.364		0		0		0		0.25		0.25		0.25		24122.2		133.803		51.87		1.305
7.78551e+06		-26.9768		238.239		0.25		0		0.25		0.75		0.75		0.25		24013		133.18		51.3675		1.2975
7.79351e+06		-26.5072		238.115		0.25		0.25		0		0		0		0		23904.3		132.55		50.8625		1.29
7.80151e+06		-26.038		237.992		0		0.5		0.25		0.75		0.5		0.5		23796.9		131.908		50.355		1.28
7.80951e+06		-25.568		237.869		0.25		0		0.25		0.25		0.25		0.25		23690.6		131.262		49.8475		1.2725
7.81751e+06		-25.0983		237.747		0		0		0.25		0.25		0.25		0.25		23585.7		130.602		49.335		1.27
7.82551e+06		-24.6285		237.626		0		0.75		0.25		0.5		0.5		0.25		23482.2		129.932		48.8125		1.26
7.83351e+06		-24.1585		237.505		0		0		0		0.5		0.5		0.25		23379.9		129.265		48.3025		1.255
7.84151e+06		-23.6885		237.385		0		0		0		0.5		0.5		0.25		23279.3		128.585		47.7925		1.25
7.84951e+06		-23.2183		237.266		0.25		0		0.5		0.25		0		0		23179.9		127.893		47.2675		1.24
7.85751e+06		-22.748		237.147		0		0.25		0.25		0.25		0.25		0.25		23082.3		127.195		46.7425		1.2375
7.86551e+06		-22.2775		237.029		0.25		1		0		1.25		0.75		0.5		22986.2		126.488		46.2225		1.23
7.87351e+06		-21.807		236.911		0		0		0.25		0.25		0.25		0		22892.3		125.778		45.7025		1.2225
7.88151e+06		-21.3365		236.794		0		0		0		0.25		0.25		0.25		22799.7		125.052		45.18		1.22
7.88951e+06		-20.8657		236.677		0		0.5		0.25		0		0		0		22709.5		124.327		44.665		1.21
7.89751e+06		-20.3953		236.562		0.25		0		0.25		0.5		0.5		0.5		22620.7		123.582		44.135		1.21
7.90551e+06		-19.9242		236.446		0		0.25		0.25		0.5		0.5		0.5		22534.5		122.838		43.6225		1.2025
7.91351e+06		-19.4535		236.331		0		0.25		0		0.25		0.25		0.25		22450		122.085		43.1		1.2
7.92151e+06		-18.9825		236.216		0		0		0		0.25		0		0		22367.9		121.323		42.5875		1.1925
7.92951e+06		-18.5112		236.102		0.5		0		0.25		0.25		0		0		22288		120.552		42.0775		1.19
7.93751e+06		-18.0403		235.988		0.25		0.25		0		1		0.75		0.75		22210.3		119.772		41.5675		1.185
7.94551e+06		-17.569		235.875		0		0		0.25		0		0		0		22135		118.99		41.0625		1.18
7.95351e+06		-17.0975		235.762		0.5		0		0		0.5		0.5		0.25		22062.6		118.193		40.555		1.1775
8.30551e+06		3.69		231.018		0		0.25		0		0.25		0.25		0.25		22022		79.42		34.4225		1.14
8.31351e+06		4.163		230.912		0.5		0		0.5		0.75		0.75		0.25		22098.1		78.56		34.775		1.14
8.32151e+06		4.636		230.805		0		0.5		0.25		0.25		0		0		22177.2		77.71		35.1425		1.14
8.32951e+06		5.109		230.699		0.5		0.75		0.5		0		0		0		22259.5		76.8625		35.5275		1.15
8.33751e+06		5.58225		230.592		0		0		0		0		0		0		22344.5		76.0225		35.9125		1.15
8.34551e+06		6.05525		230.485		0		1		0		0.5		0.5		0		22432.7		75.1875		36.325		1.15
8.35351e+06		6.52825		230.379		0		0.25		0		1		0.75		0.75		22523.6		74.36		36.74		1.1575
8.36151e+06		7.00125		230.271		0		0.5		0.25		0		0		0		22617		73.54		37.165		1.16
8.36951e+06		7.47425		230.164		0.25		0.25		0		0		0		0		22713.7		72.725		37.6025		1.16
8.37751e+06		7.94725		230.056		0.25		0.5		0.5		0		0		0		22812.8		71.9225		38.0575		1.1675
8.38551e+06		8.42		229.95		0.25		0.75		0.5		0		0		0		22914.3		71.1275		38.51		1.17
8.39351e+06		8.89325		229.841		0		0		0		0.25		0.25		0.25		23018.6		70.34		38.9675		1.1725
8.40151e+06		9.366		229.733		0		0.25		0		0.25		0.25		0		23125.4		69.5575		39.435		1.18
8.40951e+06		9.839		229.626		0.25		0.75		0		1		0.5		0.5		23234.2		68.7875		39.9125		1.18
8.41751e+06		10.312		229.518		0		0		0		0.5		0.5		0.5		23346.1		68.02		40.39		1.19
8.42551e+06		10.785		229.408		0		0.25		0		0.75		0.25		0		23459.5		67.265		40.8725		1.19
8.43351e+06		11.2578		229.3		0.25		0.25		0.25		1		1		0.75		23575.7		66.52		41.3575		1.2
8.44151e+06		11.7308		229.191		0		0.5		0.5		0		0		0		23693.6		65.78		41.85		1.2
8.44951e+06		12.2032		229.081		0.25		0.25		0.5		0.5		0.5		0.5		23814.1		65.0525		42.34		1.2075
8.45751e+06		12.6762		228.972		0.25		0		0.25		0		0		0		23935.8		64.33		42.8275		1.21
8.46551e+06		13.149		228.862		0		0.75		0.25		0		0		0		24060.6		63.6225		43.33		1.22
8.47351e+06		13.6217		228.752		0		0.25		1.25		0.5		0.5		0.5		24186.4		62.9125		43.82		1.225
8.48151e+06		14.0945		228.642		0		0.75		0.5		1.25		0.25		0.25		24314		62.2225		44.32		1.23
8.48951e+06		14.567		228.531		0.5		0.5		0.25		0		0		0		24444.4		61.5325		44.805		1.2375
8.49751e+06		15.04		228.42		0.5		0.5		0.5		0.5		0.5		0.5		24575.6		60.8575		45.305		1.2425
8.50551e+06		15.5122		228.308		0.75		0		0		1		1		0.5		24708.5		60.19		45.8025		1.25
8.51351e+06		15.985		228.196		0.5		0.25		0.5		0		0		0		24843.5		59.5325		46.2925		1.255
8.52151e+06		16.4578		228.084		0.25		0.5		0.25		0.5		0.5		0.25		24980.2		58.885		46.79		1.2625
1.10335e+07		13.7827		42.38		0		0.25		0.25		0		0		0		24873.2		75.8125		164.943		1.1
1.10415e+07		13.311		42.27		0		0.25		0.25		0		0		0		24747.6		76.87		165.982		1.1
1.10495e+07		12.8398		42.16		0		0.25		0.25		0.75		0.5		0.5		24625.8		77.9325		167.023		1.1
1.10575e+07		12.368		42.0507		0		0.5		0		0.75		0.75		0.75		24506.8		79.0075		168.057		1.0975
1.10655e+07		11.8965		41.9415		0.25		0		0		0.5		0.5		0.5		24390.9		80.085		169.095		1.09
1.10735e+07		11.425		41.8325		0.25		0.25		0.5		0.5		0.5		0.25		24278.7		81.1675		170.133		1.09
1.10815e+07		10.9532		41.7237		0.25		0		0.5		0.25		0.25		0.25		24169.6		82.2625		171.15		1.09
1.10895e+07		10.482		41.6155		0.25		0		0.25		0.5		0		0		24063.8		83.36		172.158		1.09
1.10975e+07		10.01		41.5075		0		0.5		0.5		0.25		0.25		0		23961.9		84.46		173.14		1.09
1.11055e+07		9.53875		41.3995		0.25		0		0.75		0.5		0.5		0.25		23863.1		85.5675		174.075		1.09
1.11135e+07		9.067		41.2915		0		0.25		0		0		0		0		23767.8		86.68		174.938		1.09
1.11215e+07		8.595		41.1838		0		0		0.25		0.25		0.25		0.25		23676.1		87.795		175.698		1.09
1.11295e+07		8.12375		41.0765		0.25		0.25		0.25		0.5		0.5		0.5		23587.9		88.9125		176.242		1.09
1.11375e+07		7.652		40.9693		0.5		0.25		0.5		0.25		0.25		0.25		23503.3		90.0325		176.51		1.09
1.11455e+07		7.18		40.862		0		0.25		0		0.5		0.5		0.25		23421.9		91.1525		176.445		1.09
1.11535e+07		6.70875		40.7552		0		0.5		0.5		0.5		0.5		0		23344.1		92.28		176.015		1.09
1.11615e+07		6.237		40.6483		0		0.25		0		0.75		0.5		0.25		23270		93.405		175.363		1.09
1.11695e+07		5.765		40.5417		0		0.25		0.25		0.25		0.25		0		23199.4		94.5275		174.552		1.09
1.11775e+07		5.29325		40.4352		0		0.25		0		0.25		0.25		0.25		23132.1		95.6525		173.628		1.09
1.11855e+07		4.822		40.3288		0.5		0.25		0.5		0.25		0.25		0.25		23068.1		96.775		172.658		1.09
1.11935e+07		4.35		40.2225		0.25		0		0.25		0		0		0		23007.4		97.8975		171.637		1.09
1.12015e+07		3.878		40.1162		0.25		1		0		0		0		0		22950.1		99.0175		170.605		1.09
1.12095e+07		3.40675		40.01		0		0.25		0.25		0.75		0.75		0.5		22895.8		100.135		169.55		1.09
1.12175e+07		2.935		39.904		0		0.5		0		0.25		0		0		22844.9		101.25		168.488		1.1
1.12255e+07		2.463		39.798		0.75		0.25		0.25		0		0		0		22796.9		102.362		167.417		1.1
1.12335e+07		1.9915		39.6922		0.25		0.25		0		0.25		0.25		0.25		22752		103.465		166.342		1.1
1.12415e+07		1.52		39.5863		0.25		0.75		0		0		0		0		22709.6		104.568		165.268		1.1
1.12495e+07		1.048		39.4805		0		0.25		0		0.75		0.25		0		22670.4		105.663		164.197		1.1075
1.12575e+07		0.57675		39.3745		0.25		0.5		0.25		0		0		0		22633.8		106.752		163.128		1.11
1.12655e+07		0.105		39.2687		0.5		1		0		0		0		0		22599.6		107.838		162.052		1.11
1.12735e+07		-0.367		39.163		0.25		0.25		0.5		0		0		0		22567.8		108.913		160.995		1.1175
1.12815e+07		-0.838		39.0573		0		0		0		0.5		0.5		0.25		22538.4		109.98		159.938		1.12
1.12895e+07		-1.31		38.9515		0		0.25		0.25		0.25		0.25		0.25		22511.6		111.045		158.883		1.12
1.12975e+07		-1.78125		38.8455		0		0.5		0.5		0.75		0.5		0.25		22486.6		112.097		157.843		1.1275
1.13055e+07		-2.253		38.7395		0		0		0.25		0		0		0		22463.4		113.14		156.8		1.13
1.13135e+07		-2.72425		38.6335		0.25		0.25		0		0.25		0.25		0		22442.3		114.175		155.772		1.135
1.13215e+07		-3.196		38.5275		0		0.25		0.25		0.5		0.5		0.25		22423.1		115.207		154.747		1.14
1.13295e+07		-3.6675		38.4215		0		0		0.75		0		0		0		22405.2		116.22		153.74		1.145
1.13375e+07		-4.139		38.3155		0		0		0.25		0		0		0		22389.1		117.23		152.735		1.15
1.13455e+07		-4.61		38.209		0		0		0		0		0		0		22374.4		118.225		151.74		1.155
1.13535e+07		-5.082		38.103		0		0.75		0		0		0		0		22360.7		119.21		150.76		1.16
1.13615e+07		-5.553		37.9965		0.25		0.25		0		0.5		0.5		0.25		22348.5		120.183		149.787		1.165
1.13695e+07		-6.02425		37.89		0		0.5		0.25		0.5		0.5		0.5		22337.3		121.145		148.828		1.17
1.13775e+07		-6.49575		37.7832		0.25		0		0		0		0		0		22326.6		122.098		147.878		1.18
1.13855e+07		-6.967		37.6765		0.25		0		0.25		0.5		0.5		0		22317.1		123.035		146.938		1.185
1.13935e+07		-7.438		37.5695		0		0.25		0.25		0.25		0.25		0.25		22308		123.962		146.01		1.19
1.14015e+07		-7.9095		37.4625		0		0		0.25		0.75		0.75		0.5		22299.9		124.88		145.098		1.2
1.14095e+07		-8.3805		37.3555		0.25		0		0		0.5		0.25		0.25		22291.8		125.783		144.197		1.205
1.14175e+07		-8.8515		37.2477		0.5		0.25		0.25		0		0		0		22284.6		126.67		143.305		1.21
1.14255e+07		-9.32275		37.1405		0		0.25		0.25		0.25		0.25		0		22277.2		127.55		142.43		1.22
1.14335e+07		-9.79375		37.0325		0		0		0.25		0.25		0.25		0.25		22270.3		128.417		141.562		1.2275
1.14415e+07		-10.2645		36.9245		0		0		0		0		0		0		22263.6		129.268		140.712		1.235
1.14495e+07		-10.7355		36.8165		0.25		0		0.5		0		0		0		22256.7		130.103		139.878		1.245
1.14575e+07		-11.2065		36.7075		0.25		0		0.5		0.5		0.25		0.25		22250		130.93		139.05		1.2525
1.14655e+07		-11.6772		36.599		0		0		0.25		0		0		0		22243		131.743		138.238		1.2625
1.14735e+07		-12.1483		36.49		0		0.25		0.5		0.75		0.75		0.5		22235.8		132.538		137.44		1.27
1.14815e+07		-12.6187		36.381		0		0		0		1		0.75		0.75		22228.7		133.32		136.658		1.28
1.14895e+07		-13.0895		36.2712		0		0		0.25		0		0		0		22221.1		134.095		135.883		1.29
1.14975e+07		-13.56		36.1615		0.25		0.25		0.25		0.75		0.5		0.5		22213.2		134.848		135.125		1.3
1.15055e+07		-14.0305		36.0515		0		0		0		0.5		0.5		0.5		22204.8		135.59		134.38		1.31
1.15135e+07		-14.501		35.9413		0		0		0.25		0.25		0.25		0.25		22196.2		136.32		133.647		1.32
1.15215e+07		-14.9715		35.8305		0.25		0.75		0.25		0.25		0.25		0		22187.2		137.038		132.932		1.3325
1.15295e+07		-15.4415		35.7195		0.25		0		0		0.5		0.5		0.25		22177.7		137.738		132.225		1.3425
1.15375e+07		-15.912		35.608		0.5		0.25		0.25		0.5		0.5		0.25		22167.8		138.423		131.538		1.355
1.15455e+07		-16.3822		35.496		0		0.25		0		1		0.75		0.5		22157.2		139.095		130.863		1.365
1.15535e+07		-16.8525		35.384		0.5		0		0		1		1		0.75		22146.6		139.758		130.195		1.375
1.15615e+07		-17.3225		35.2718		0		1		0.25		0.5		0		0		22135.1		140.4		129.55		1.3875
1.15695e+07		-17.7925		35.1587		0.5		0		0.25		1		0.75		0.25		22123.1		141.035		128.91		1.4025
1.15775e+07		-18.2625		35.0455		0.5		0.25		0.5		0.25		0.25		0		22110.9		141.65		128.288		1.4125
1.15855e+07		-18.7325		34.9315		0		0.25		0		0.75		0		0		22098.4		142.253		127.683		1.425
1.15935e+07		-19.202		34.8175		0.5		0.25		0.5		1.5		1		0.25		22085.1		142.842		127.085		1.4375
1.16015e+07		-19.6717		34.7028		0.5		0		0.25		1.5		0.75		0.25		22071.5		143.417		126.507		1.455
1.16095e+07		-20.1413		34.5875		0.5		0.25		0.25		1.25		0.25		0		22057.5		143.98		125.938		1.4675
1.16175e+07		-20.611		34.4725		0.5		0		0		2.25		0.25		0		22043.5		144.525		125.382		1.4825
1.16255e+07		-21.0805		34.3562		0		0		0.25		1.5		1		0.5		22029.1		145.057		124.838		1.495
1.16335e+07		-21.5497		34.2395		0		0.25		0.5		4		1.5		0.75		22014.3		145.583		124.305		1.5075
1.40095e+07		-17.543		210.605		0		0		0		0.25		0.25		0.25		24885.5		125.975		45.48		1.21
1.40175e+07		-17.0718		210.492		0		0		0		0.25		0.25		0		24767.3		125.22		44.955		1.2025
1.40255e+07		-16.6		210.38		0		0		0.25		0		0		0		24650.8		124.458		44.41		1.2
1.40335e+07		-16.129		210.267		0		0		0		0.5		0.5		0.25		24536.3		123.682		43.8775		1.19
1.40415e+07		-15.657		210.156		0		0		0.25		0.25		0.25		0.25		24423.8		122.905		43.3475		1.1875
1.40495e+07		-15.186		210.044		0		0		0.25		0.5		0.5		0		24313.2		122.113		42.8125		1.18
1.40575e+07		-14.714		209.933		0		0		0		0.75		0.25		0.25		24204.7		121.32		42.28		1.18
1.40655e+07		-14.242		209.823		0		0		0		0.75		0.5		0.5		24098.4		120.512		41.755		1.17
1.40735e+07		-13.77		209.712		0.25		0		0.5		0.25		0.25		0.25		23994.4		119.7		41.24		1.17
1.40815e+07		-13.299		209.602		0.25		0		0.25		0.75		0.75		0.5		23892.6		118.878		40.715		1.1625
1.40895e+07		-12.827		209.492		0		0.25		0.5		0		0		0		23793.3		118.05		40.2		1.16
1.40975e+07		-12.355		209.383		0		0		0.25		0.5		0.5		0.25		23695.9		117.217		39.7025		1.155
1.41055e+07		-11.8827		209.273		0		0		0.5		0.5		0.5		0.25		23601.7		116.372		39.2		1.15
1.41135e+07		-11.41		209.164		0.25		0.25		0		1.25		1.25		1.25		23510		115.525		38.7125		1.15
1.41215e+07		-10.938		209.055		0.25		0		0.25		0.5		0.5		0.5		23420.5		114.665		38.2225		1.14
1.41295e+07		-10.466		208.947		0		0		0		0.25		0.25		0.25		23334.2		113.805		37.75		1.14
1.41375e+07		-9.994		208.839		0.25		1		0		0		0		0		23250.3		112.932		37.29		1.14
1.41455e+07		-9.5215		208.73		0		0.25		0		0.25		0.25		0.25		23169.8		112.058		36.8275		1.13
1.41535e+07		-9.049		208.622		0.25		0.5		0.75		0.25		0.25		0.25		23091.8		111.175		36.395		1.13
1.41615e+07		-8.577		208.515		0.75		1		0		0		0		0		23017		110.29		35.97		1.13
1.41695e+07		-8.104		208.408		0.25		0.25		0		0		0		0		22945.3		109.395		35.5525		1.125
1.41775e+07		-7.632		208.3		0.25		0.5		0		0		0		0		22876.5		108.497		35.1625		1.12
1.41855e+07		-7.15925		208.193		0		0		0.75		0.75		0.75		0.25		22810.9		107.595		34.7775		1.12
1.41935e+07		-6.687		208.086		0		0.25		0.5		0.25		0.25		0		22748.8		106.685		34.405		1.12
1.42015e+07		-6.214		207.979		0.25		0.25		0		0.25		0.25		0.25		22689.7		105.775		34.075		1.12
1.42095e+07		-5.7415		207.872		0.5		0.5		0		0		0		0		22634.2		104.862		33.7425		1.1125
1.42175e+07		-5.26875		207.766		0		0.25		0		0		0		0		22581.6		103.94		33.4375		1.11
1.42255e+07		-4.796		207.659		0		0		0.25		0.25		0.25		0.25		22532.7		103.018		33.1525		1.11
1.42335e+07		-4.32325		207.553		0		0.25		0.25		0.5		0.5		0.5		22487.2		102.095		32.895		1.11
1.42415e+07		-3.85075		207.446		0		0		0.25		0.25		0.25		0.25		22445.2		101.167		32.6525		1.11
1.42495e+07		-3.378		207.34		0.5		1		0.5		0.5		0.25		0.25		22406.6		100.238		32.445		1.11
1.42575e+07		-2.905		207.233		0		0.75		0.25		0.5		0.5		0.5		22371.4		99.3075		32.2425		1.11
1.42655e+07		-2.432		207.128		0.25		0.5		1		0.25		0.25		0		22340.1		98.375		32.095		1.11
1.42735e+07		-1.959		207.021		0.5		1.75		0		0.25		0.25		0.25		22312.1		97.4425		31.95		1.1
1.42815e+07		-1.48625		206.915		0.5		0.25		0		0.5		0.5		0.25		22287.8		96.51		31.83		1.1
1.42895e+07		-1.01325		206.809		0.25		0		0.25		0.5		0.5		0.5		22267.2		95.5775		31.76		1.1
1.42975e+07		-0.5405		206.703		0.25		0.75		0.5		0		0		0		22249.9		94.6475		31.69		1.1
1.43055e+07		-0.0675		206.597		0.5		0.5		0.25		0.75		0.75		0.5		22236.4		93.715		31.6675		1.1
1.43135e+07		0.4055		206.491		0.5		0		0.25		0		0		0		22226.5		92.7875		31.6675		1.1
1.43215e+07		0.8785		206.385		0.25		1		0.25		0.25		0.25		0.25		22220.1		91.855		31.68		1.1
1.43295e+07		1.3515		206.279		0.5		1.25		0.25		0		0		0		22217.1		90.93		31.74		1.1
1.43375e+07		1.82425		206.173		0.25		0		0		0.25		0		0		22218.1		90.0075		31.8125		1.1
1.43455e+07		2.29725		206.067		0.75		0.5		0		0.5		0.5		0.25		22222.4		89.09		31.9225		1.11
1.43535e+07		2.7705		205.961		0		0		0.5		0.25		0.25		0.25		22230.4		88.17		32.04		1.11
1.43615e+07		3.2435		205.854		0.25		0.5		0		0		0		0		22241.8		87.2575		32.1975		1.11
1.43695e+07		3.7165		205.748		0.25		0.25		0		0.25		0.25		0.25		22256.8		86.3475		32.3675		1.11
1.43775e+07		4.1895		205.642		0.5		0.25		0.25		0.5		0.5		0.5		22275.2		85.445		32.5825		1.11
1.43855e+07		4.6625		205.535		0.5		0.25		0		0.25		0.25		0.25		22297.2		84.5475		32.795		1.11
1.43935e+07		5.1355		205.429		0		0.5		0.5		0.5		0.5		0.5		22322.4		83.6525		33.0475		1.11
1.44015e+07		5.6085		205.322		0		0.5		0.5		0		0		0		22351		82.76		33.2975		1.11
1.44095e+07		6.08175		205.215		0.25		0.25		0.25		0.25		0.25		0.25		22382.8		81.88		33.59		1.12
1.44175e+07		6.55475		205.108		0.5		0.25		0		0.25		0.25		0.25		22418.1		81.0025		33.89		1.12
1.44255e+07		7.02775		205.001		0.25		0.5		0		1		1		0.75		22456.9		80.1325		34.2175		1.12
1.44335e+07		7.50075		204.894		0.25		0.75		0		0		0		0		22498.7		79.27		34.545		1.12
1.44415e+07		7.97375		204.786		0.25		1		0.25		0.25		0.25		0		22543.4		78.415		34.9		1.1225
1.44495e+07		8.44675		204.679		0.25		0.25		0		0		0		0		22591.6		77.565		35.2675		1.13
1.44575e+07		8.91975		204.572		0.5		0		0.5		0.75		0.75		0.5		22642.9		76.725		35.6475		1.13
1.44655e+07		9.39275		204.464		0		0.25		0		0.25		0.25		0.25		22696.9		75.8925		36.0275		1.13
1.44735e+07		9.86575		204.355		0		0.25		0.25		0.25		0.25		0.25		22754.3		75.07		36.44		1.1375
1.44815e+07		10.3387		204.247		0.5		0.5		0.5		0.25		0		0		22814.4		74.2525		36.8475		1.14
1.44895e+07		10.8115		204.138		0		0.25		0.25		0.5		0.5		0		22877.4		73.4425		37.2625		1.14
1.44975e+07		11.2845		204.029		0		0.5		0.25		0		0		0		22943.2		72.645		37.695		1.15
1.45055e+07		11.7573		203.92		0		0		0.25		0.5		0.5		0.25		23011.9		71.855		38.1275		1.15
1.45135e+07		12.23		203.811		0		0.5		0		0		0		0		23083.3		71.0725		38.575		1.15
1.45215e+07		12.703		203.701		0		0.75		0.25		0.25		0.25		0.25		23157.5		70.3		39.0225		1.16
1.45295e+07		13.1757		203.591		0		0		0.5		0		0		0		23233.9		69.5375		39.475		1.16
1.45375e+07		13.6485		203.481		0		0.5		0.25		0.25		0.25		0.25		23313.8		68.7825		39.9225		1.1675
1.45455e+07		14.121		203.371		0.25		0		0.25		0		0		0		23395.4		68.04		40.3875		1.17
1.45535e+07		14.594		203.26		0		0		0.25		0.5		0.5		0.5		23479.4		67.3025		40.8475		1.175
1.45615e+07		15.0665		203.149		0		0.25		0		0.25		0.25		0		23566.8		66.5775		41.32		1.18
1.45695e+07		15.539		203.037		0.25		0		0.25		0.25		0		0		23656		65.8625		41.775		1.185
1.45775e+07		16.012		202.925		0.25		0.25		0.5		0.25		0.25		0		23747.3		65.1525		42.245		1.19
1.45855e+07		16.484		202.813		0		0.25		0		0		0		0		23841.1		64.4525		42.7075		1.195
1.45935e+07		16.957		202.701		0.25		0.25		0.25		0.75		0.75		0.75		23937.4		63.7675		43.175		1.2
1.46015e+07		17.429		202.588		0		0		0		0.25		0		0		24036.4		63.0875		43.6475		1.2075
1.46095e+07		17.9018		202.474		0.25		0.25		0		0		0		0		24136.9		62.42		44.11		1.21
1.46175e+07		18.374		202.361		0		0		0		0.75		0.75		0.75		24239.6		61.7625		44.575		1.22
1.46255e+07		18.846		202.246		0.25		0.5		0		0.75		0.5		0.5		24344.4		61.11		45.03		1.225
1.46335e+07		19.3188		202.132		0.25		0.25		0.5		0.25		0		0		24451.3		60.47		45.495		1.23
1.46415e+07		19.791		202.017		0		0		0		0.5		0.5		0.25		24560.3		59.8375		45.9525		1.24
1.46495e+07		20.263		201.9		0		0.5		0.5		0.5		0.5		0.25		24671.3		59.21		46.4125		1.245
1.46575e+07		20.735		201.785		0		0		0.25		0		0		0		24784.4		58.5975		46.86		1.25
1.46655e+07		21.207		201.668		0		0		0.75		0.75		0.75		0.5		24899.4		57.995		47.3125		1.2575
1.70015e+07		19.4102		18.458		0.25		0		0		0.25		0.25		0		24906.6		68.425		157.485		1.14
1.70095e+07		18.9395		18.3435		0		0		0		0.75		0.75		0.5		24760.2		69.4375		158.497		1.14
1.70175e+07		18.4685		18.2295		0		0.25		0.25		0		0		0		24617.5		70.4675		159.512		1.1325
1.70255e+07		17.9972		18.1155		0		0.25		0.25		0.25		0.25		0.25		24477		71.4975		160.542		1.13
1.70335e+07		17.5262		18.0025		0.25		0.25		0		0.25		0.25		0.25		24338.6		72.545		161.573		1.1275
1.70415e+07		17.055		17.8895		0		0		0.25		0		0		0		24203.7		73.6025		162.615		1.12
1.70495e+07		16.5837		17.777		0.25		0.25		0		0.25		0.25		0		24071.1		74.67		163.655		1.12
1.70575e+07		16.1125		17.665		0.25		0.5		0		0.25		0.25		0		23941.3		75.745		164.703		1.12
1.70655e+07		15.6412		17.553		0		0.25		0.25		0.5		0.25		0		23815		76.8275		165.762		1.1125
1.70735e+07		15.17		17.442		0		0.25		0.5		0		0		0		23691.1		77.9175		166.815		1.11
1.70815e+07		14.6985		17.3307		0		0.25		0.25		0.5		0.5		0		23570.9		79.0175		167.865		1.11
1.70895e+07		14.227		17.2202		0.25		0		0.75		0.75		0.75		0.5		23453.3		80.125		168.91		1.11
1.70975e+07		13.7558		17.11		0		0.25		0		0.75		0.25		0		23339.6		81.24		169.953		1.11
1.71055e+07		13.2843		17		0		0		0.25		0.5		0.5		0.5		23228.8		82.3575		170.973		1.105
1.71135e+07		12.813		16.89		0.25		0		0		0		0		0		23121.5		83.4825		171.98		1.1
1.71215e+07		12.3412		16.7808		0.25		0		0.25		0.25		0		0		23017.6		84.615		172.942		1.1
1.71295e+07		11.87		16.6715		0.25		0		0.25		0.5		0.5		0.25		22916.6		85.7525		173.845		1.1
1.71375e+07		11.398		16.5625		0.25		0.5		0		0		0		0		22819.9		86.8925		174.675		1.1
1.71455e+07		10.927		16.4538		0		0		0.25		0.25		0.25		0.25		22726.2		88.0375		175.35		1.1
1.71535e+07		10.455		16.3455		0		0		0		0.25		0.25		0.25		22635.9		89.1825		175.813		1.1
1.71615e+07		9.9835		16.2375		0		0		0		0.75		0.75		0.25		22549.3		90.3375		175.99		1.1
1.71695e+07		9.512		16.1295		0.25		0		0		0.5		0.5		0		22466		91.49		175.84		1.1
1.71775e+07		9.04		16.0215		0		0.25		0		0		0		0		22385.8		92.6425		175.402		1.1
1.71855e+07		8.5685		15.9135		0.25		0		1		0.25		0.25		0.25		22309.3		93.795		174.728		1.1
1.71935e+07		8.097		15.8065		0.75		0		0.25		0.25		0.25		0		22236.2		94.9475		173.908		1.1
1.72015e+07		7.625		15.6993		0		0		0		0.5		0.5		0.25		22166.4		96.1025		172.995		1.1
1.72095e+07		7.1535		15.5923		0.25		0		0.25		0.5		0.25		0		22099.9		97.26		172.013		1.1025
1.72175e+07		6.682		15.4852		0.25		0.25		0.75		0		0		0		22036.3		98.4075		170.992		1.11
2.02495e+07		-7.13025		182.923		0.25		0		0.25		0.5		0.25		0		24903.2		114.665		37.3525		1.13
2.02575e+07		-6.658		182.815		0		0		0.25		0.5		0.5		0.5		24789.8		113.79		36.8825		1.13
2.02655e+07		-6.185		182.708		0		0.25		0.25		0.5		0.5		0.5		24679.3		112.91		36.415		1.12
2.02735e+07		-5.71275		182.602		0		0.25		0.5		0.25		0.25		0.25		24572.1		112.018		35.9625		1.12
2.02815e+07		-5.24		182.495		0.5		0.25		0.5		0.25		0		0		24468.2		111.13		35.5225		1.12
2.02895e+07		-4.767		182.388		0		1.25		0.25		0.25		0.25		0.25		24367		110.232		35.1		1.1125
2.02975e+07		-4.29425		182.282		0.25		0		0.25		0.25		0.25		0.25		24269.1		109.338		34.6975		1.11
2.03055e+07		-3.82175		182.175		0		0		0.25		0.25		0.25		0.25		24175.2		108.427		34.29		1.11
2.03135e+07		-3.34875		182.069		0		0.25		0.5		0		0		0		24084.1		107.522		33.915		1.11
2.03215e+07		-2.876		181.963		0		0.5		0.25		0.25		0.25		0		23996.9		106.612		33.56		1.1
2.03295e+07		-2.403		181.857		0		0		0		0.5		0.25		0		23912.9		105.7		33.2275		1.1
2.03375e+07		-1.93025		181.751		0.5		0.5		0.25		0.25		0.25		0		23832.5		104.783		32.8975		1.1
2.03455e+07		-1.45725		181.645		0		0.25		0.25		0.5		0.25		0		23755.8		103.865		32.5925		1.1
2.03535e+07		-0.98425		181.539		0.25		0.5		0.25		0.25		0.25		0		23682.8		102.948		32.325		1.1
2.03615e+07		-0.5115		181.433		0.25		0.5		0.25		0.75		0.75		0.25		23613.5		102.025		32.065		1.1
2.03695e+07		-0.0385		181.326		0.25		0		0.75		0.25		0.25		0		23548.1		101.107		31.8425		1.09
2.03775e+07		0.43425		181.22		0		0.25		0.75		0.25		0.25		0.25		23486.3		100.18		31.6175		1.09
2.03855e+07		0.90725		181.115		0		0.5		0		0		0		0		23428.5		99.2575		31.4425		1.09
2.03935e+07		1.38025		181.008		0		0.75		0.25		0		0		0		23374.4		98.335		31.28		1.09
2.04015e+07		1.8535		180.902		0		0.25		0.75		0.5		0.5		0		23324.5		97.41		31.1375		1.09
2.04095e+07		2.32625		180.796		0		0		0.5		0.5		0.5		0.5		23278.2		96.49		31.035		1.09
2.04175e+07		2.7995		180.69		0		0.5		1		0		0		0		23235.9		95.57		30.9425		1.09
2.04255e+07		3.2725		180.584		0.25		0.5		0.25		0		0		0		23197.7		94.6525		30.8875		1.09
2.04335e+07		3.7455		180.477		0		0		0.25		0.25		0.25		0		23163.1		93.735		30.855		1.09
2.04415e+07		4.2185		180.371		0.75		0.25		0.25		0.25		0.25		0.25		23132.8		92.8175		30.8375		1.09
2.04495e+07		4.6915		180.264		0.25		0		0.25		0.5		0.5		0		23106.5		91.9075		30.8675		1.09
2.04575e+07		5.16475		180.158		0.25		0.75		0.5		0.25		0		0		23084.2		90.995		30.89		1.09
2.04655e+07		5.6375		180.051		0.25		0.5		0.75		0.5		0.25		0.25		23065.6		90.0925		30.98		1.09
2.04735e+07		6.11075		179.944		0.25		0.5		1		0		0		0		23051.1		89.19		31.055		1.09
2.04815e+07		6.58375		179.837		0.25		1		0.25		0.5		0.5		0.25		23040.4		88.2925		31.1725		1.09
2.04895e+07		7.05675		179.73		0		0.75		0.25		0.25		0.25		0.25		23033.9		87.4		31.3		1.09
2.04975e+07		7.52975		179.623		0		0.25		0.25		0		0		0		23031.5		86.5075		31.4525		1.09
2.05055e+07		8.00275		179.516		1		1		0.5		0.25		0.25		0.25		23032.5		85.6225		31.63		1.0925
2.05135e+07		8.47575		179.408		0.25		0.5		0.25		0.5		0.25		0.25		23037.6		84.7425		31.8325		1.1
2.05215e+07		8.94875		179.301		0.25		0.5		0		0.5		0.5		0.25		23047		83.8675		32.05		1.1
2.05295e+07		9.42175		179.192		0.75		0.25		0.5		0		0		0		23059.6		83		32.2825		1.1
2.05375e+07		9.8945		179.084		0		0.25		1		0		0		0		23076.6		82.14		32.5375		1.1
2.05455e+07		10.3678		178.976		0.5		0.25		0		0.25		0.25		0.25		23097.1		81.2825		32.8		1.1
2.05535e+07		10.8405		178.867		0		0		0		0.25		0.25		0.25		23121.5		80.4325		33.09		1.1075
2.05615e+07		11.3135		178.758		0		0		0		0		0		0		23149.9		79.5875		33.3825		1.11
2.05695e+07		11.7863		178.649		0.5		0.25		0.25		0		0		0		23181.6		78.75		33.6925		1.11
2.05775e+07		12.259		178.54		0		0		0.5		0.25		0.25		0		23217.3		77.92		34.02		1.11
2.05855e+07		12.732		178.43		0		0.25		0.25		0		0		0		23256.7		77.1		34.3575		1.1125
2.05935e+07		13.2048		178.32		0		0.75		0.25		0.25		0.25		0.25		23299.2		76.2825		34.705		1.12
2.06015e+07		13.6772		178.21		0.25		0.5		0		0		0		0		23346.4		75.4725		35.06		1.12
2.06095e+07		14.15		178.1		0.25		0		0		0.25		0		0		23396.3		74.6725		35.43		1.12
2.06175e+07		14.623		177.989		0		0.5		0		0.25		0.25		0		23449.7		73.8775		35.8075		1.13
2.06255e+07		15.0955		177.878		0		0.25		0		0.25		0.25		0		23507.4		73.0925		36.1875		1.13
2.06335e+07		15.568		177.766		0		0		0		0		0		0		23568.1		72.31		36.5675		1.1325
2.06415e+07		16.0408		177.654		0		0.25		0		0.25		0.25		0.25		23632.1		71.5425		36.965		1.14
2.06495e+07		16.513		177.542		0.25		0.25		0		0.25		0		0		23699.5		70.7775		37.37		1.14
2.06575e+07		16.986		177.429		0		0.5		0.25		0.5		0.5		0.5		23770.3		70.0225		37.7675		1.1425
2.06655e+07		17.458		177.316		0.25		0.25		0.75		0.75		0.75		0.25		23845.4		69.2725		38.18		1.15
2.06735e+07		17.9307		177.203		0		0		0.75		0.75		0.75		0.5		23923		68.5325		38.595		1.15
2.06815e+07		18.403		177.089		0		0.25		0.25		0.25		0.25		0.25		24003.8		67.8		39.015		1.16
2.06895e+07		18.875		176.975		0.25		0.5		0.25		0.25		0		0		24087.9		67.075		39.4225		1.16
2.06975e+07		19.347		176.86		0		0		0		0.25		0.25		0.25		24175.2		66.36		39.855		1.17
2.07055e+07		19.8197		176.744		0		0.5		0		0.25		0.25		0		24265.7		65.65		40.27		1.17
2.07135e+07		20.292		176.629		0		0.25		0.25		0.75		0.75		0.5		24359.4		64.9475		40.6925		1.18
2.07215e+07		20.764		176.512		0		0		0		0.25		0.25		0.25		24456.2		64.2575		41.125		1.1825
2.07295e+07		21.236		176.396		0		0		0.25		0.5		0.5		0.25		24556.1		63.565		41.54		1.1875
2.07375e+07		21.708		176.279		0		0.5		0		0.25		0.25		0		24659.1		62.89		41.97		1.19
2.07455e+07		22.18		176.161		0		0		0		1		0.75		0.75		24765		62.22		42.4		1.2
2.07535e+07		22.6517		176.042		0		0.25		0.25		0		0		0		24873		61.5525		42.82		1.205
2.07615e+07		23.123		175.924		0		0		0.25		0		0		0		24984.9		60.8975		43.2525		1.21
2.29995e+07		23.2665		354.152		0		0		0		0.25		0.25		0.25		24853.8		63.04		150.57		1.1975
2.30075e+07		22.7957		354.034		0.25		0		0		0		0		0		24693.9		63.95		151.445		1.19
2.30155e+07		22.3253		353.915		0.25		0		0		0.5		0.25		0		24535.6		64.8775		152.323		1.1825
2.30235e+07		21.8545		353.797		0		0.25		0.25		0.5		0.5		0.25		24379.2		65.815		153.208		1.18
2.30315e+07		21.3838		353.68		0		0.5		0		0.25		0.25		0.25		24224.6		66.7625		154.098		1.17
2.30395e+07		20.9132		353.564		0		0.25		0		0		0		0		24071.2		67.715		154.988		1.17
2.30475e+07		20.4422		353.448		0.25		0.25		0		0		0		0		23920.3		68.685		155.885		1.1625
2.30555e+07		19.9715		353.331		0		0		0		0		0		0		23771.9		69.66		156.78		1.16
2.30635e+07		19.5005		353.216		0		0		0		0.25		0.25		0.25		23625.8		70.6425		157.682		1.155
2.30715e+07		19.0295		353.102		0		0		0.25		0.75		0.75		0.25		23480.9		71.6375		158.577		1.15
2.30795e+07		18.5585		352.987		0		0.25		0		0.25		0.25		0		23339.5		72.645		159.47		1.15
2.30875e+07		18.0875		352.874		0.25		0		0.5		0.25		0.25		0.25		23200.6		73.655		160.36		1.1425
2.30955e+07		17.6165		352.76		0		0.5		0.25		0.75		0.5		0.25		23063.2		74.6775		161.245		1.14
2.31035e+07		17.1453		352.647		0		0.25		0.25		0		0		0		22929.6		75.7075		162.117		1.14
2.31115e+07		16.674		352.535		0		0		0.25		0.5		0.5		0.5		22798.3		76.74		162.978		1.14
2.31195e+07		16.2027		352.423		0.25		0.5		0.25		0.25		0.25		0.25		22669.4		77.785		163.82		1.13
2.31275e+07		15.7315		352.311		0		0		0.5		0.75		0.75		0		22544.1		78.835		164.65		1.13
2.31355e+07		15.26		352.2		0		0.5		0.25		0		0		0		22420.5		79.89		165.445		1.13
2.31435e+07		14.789		352.089		0		0		0.25		0.25		0.25		0.25		22301		80.955		166.202		1.13
2.31515e+07		14.3175		351.978		0		0.25		0.25		0.5		0.5		0.25		22183.4		82.0175		166.932		1.13
2.31595e+07		13.846		351.867		0		0.25		0.25		0.25		0.25		0.25		22069.8		83.0925		167.61		1.1275
2.64795e+07		2.71175		155.445		0		0.75		0.5		0.5		0.25		0.25		24952.7		102.93		28.6725		1.08
2.64875e+07		3.18475		155.339		0		0.25		0		0		0		0		24883.8		101.985		28.3275		1.08
2.64955e+07		3.65775		155.233		0		0.25		0.5		0.5		0.5		0.25		24819.8		101.037		28		1.0725
2.65035e+07		4.131		155.127		0.5		0.5		0		1		1		0.25		24760.3		100.087		27.715		1.07
2.65115e+07		4.60375		155.02		0.25		0.25		0.5		0.25		0		0		24706.1		99.1325		27.4325		1.07
2.65195e+07		5.077		154.914		0.5		0		0.75		0		0		0		24656.6		98.1775		27.1875		1.07
2.65275e+07		5.55		154.807		0.25		0.25		0.5		0		0		0		24612.3		97.22		26.9775		1.07
2.65355e+07		6.023		154.7		0.5		0		0		0.5		0.5		0.25		24572.8		96.2625		26.7925		1.07
2.65435e+07		6.49625		154.593		0		0		0.25		0.75		0.75		0.25		24538.7		95.305		26.6275		1.07
2.65515e+07		6.96925		154.486		0		0.5		0.75		0.5		0.5		0.5		24509.2		94.35		26.5125		1.07
2.65595e+07		7.44225		154.379		0		0.5		0		0.25		0.25		0.25		24485.1		93.39		26.4075		1.07
2.65675e+07		7.915		154.271		0		0.25		0.5		0.5		0.5		0.25		24466.2		92.43		26.345		1.07
2.65755e+07		8.38825		154.164		0		0.5		0.25		0		0		0		24452.4		91.47		26.3025		1.07
2.65835e+07		8.861		154.057		0.25		0.25		0		0		0		0		24443.6		90.5175		26.3125		1.07
2.65915e+07		9.334		153.949		0.5		0.25		0.5		0.25		0.25		0.25		24440.2		89.56		26.3375		1.07
2.65995e+07		9.807		153.84		0		0.5		0.25		0		0		0		24441.8		88.6075		26.4025		1.07
2.66075e+07		10.28		153.732		0		0.5		0.25		0		0		0		24448.6		87.6525		26.495		1.07
2.66155e+07		10.7528		153.624		0		0		0		0.25		0.25		0		24460.8		86.7075		26.6125		1.07
2.66235e+07		11.2257		153.514		0		0.25		0		0.25		0.25		0		24477.6		85.7575		26.7625		1.07
2.66315e+07		11.6985		153.406		0.5		0.5		0		0		0		0		24500.2		84.8125		26.9475		1.0725
2.66395e+07		12.1715		153.296		0		0.25		0.75		0.25		0.25		0.25		24527.4		83.875		27.16		1.08
2.66475e+07		12.644		153.186		0.75		0.25		0.25		0.25		0.25		0.25		24559.9		82.935		27.3875		1.08
2.66555e+07		13.117		153.077		0.25		0.25		0.25		0.25		0.25		0.25		24597.6		82.0025		27.6575		1.08
2.66635e+07		13.59		152.966		0		0.25		0		0.25		0.25		0.25		24639.8		81.0725		27.9375		1.08
2.66715e+07		14.0625		152.856		0		0.25		0		0		0		0		24687.8		80.1475		28.255		1.08
2.66795e+07		14.535		152.745		0		0.25		0.5		0.75		0.5		0.5		24740.2		79.225		28.5825		1.09
2.66875e+07		15.008		152.634		0.25		0.25		0		0.25		0.25		0		24797.3		78.31		28.935		1.09
2.66955e+07		15.4805		152.523		0		1		0.75		0.5		0.5		0.25		24859.4		77.3975		29.305		1.09
2.67035e+07		15.953		152.411		0		0		0		0.25		0.25		0		24927.3		76.4975		29.7075		1.09
2.67115e+07		16.4258		152.299		0		0.75		0.25		0.25		0.25		0.25		24998.9		75.595		30.1075		1.0975
2.90535e+07		23.8243		329.031		0		0		0		0.75		0.5		0.25		24902.6		58.2825		142.525		1.295
2.90615e+07		23.3538		328.911		0		0		0		1		0.75		0.5		24732		59.02		143.165		1.285
2.90695e+07		22.8832		328.792		0		0.25		0.25		0.25		0.25		0.25		24562.4		59.7625		143.807		1.2775
2.90775e+07		22.4128		328.673		0		0		0.25		0		0		0		24393.9		60.515		144.445		1.27
2.90855e+07		21.9417		328.556		0		0.25		0.25		1		1		0.75		24226.7		61.275		145.09		1.2625
2.90935e+07		21.4713		328.438		0		0		0.25		0.5		0.25		0.25		24059.9		62.0425		145.725		1.2575
2.91015e+07		21.0005		328.322		0.25		0		0		0		0		0		23894.9		62.8125		146.37		1.25
2.91095e+07		20.5298		328.206		0		0.25		0		0.25		0.25		0.25		23731.7		63.595		147.005		1.2425
2.91175e+07		20.0588		328.09		0		0		0		1		0.75		0.75		23570		64.375		147.643		1.24
2.91255e+07		19.5877		327.974		0.25		0.5		0		0.5		0.5		0.25		23409.2		65.1725		148.275		1.23
2.91335e+07		19.117		327.859		0		0		0.25		0		0		0		23250		65.9675		148.91		1.23
2.91415e+07		18.646		327.745		0		0		0		0.25		0.25		0.25		23093		66.7725		149.533		1.22
2.91495e+07		18.1747		327.632		0.25		0.25		0		0		0		0		22937.4		67.5825		150.155		1.2175
2.91575e+07		17.7038		327.518		0		0.25		0		0.5		0.25		0		22783.1		68.4		150.768		1.21
2.91655e+07		17.2327		327.405		0		0		0.5		0.25		0		0		22631.4		69.22		151.375		1.21
2.91735e+07		16.7612		327.292		0		0		0.25		0.25		0.25		0		22481.1		70.0425		151.985		1.2
2.91815e+07		16.29		327.18		0		0.25		0		0		0		0		22332.6		70.875		152.568		1.2
2.91895e+07		15.819		327.068		0		0.25		0		0.25		0.25		0		22186.4		71.7125		153.145		1.2
2.91975e+07		15.3475		326.957		0		0		0		0.25		0.25		0.25		22041.6		72.5475		153.725		1.19
3.03895e+07		-54.365		307.189		7.25		3.25		0.5		719.5		282		7.5		22083.8		145.27		124.55		2.1875
3.63415e+07		-47.9775		284.953		1		1.5		0.75		5		2.75		1.5		22033.1		138.105		130.247		1.7525
3.63495e+07		-48.4375		284.758		1		0.75		0.5		4.75		2.5		1.75		22208.9		138.43		129.857		1.77
3.63575e+07		-48.8975		284.56		0.5		1.25		0.75		7.75		2		1.25		22387.1		138.758		129.473		1.79
3.63655e+07		-49.3575		284.359		1.25		0.25		0.5		8.5		2.25		0.75		22568.1		139.08		129.09		1.81
3.63735e+07		-49.817		284.155		0.25		0.25		0.5		7.75		2.25		1		22751.5		139.398		128.705		1.83
3.63815e+07		-50.276		283.948		0.25		1.25		1		5.5		1.5		0		22937.2		139.717		128.33		1.85
3.63895e+07		-50.735		283.736		1		1		0.75		9.75		2.5		1		23125.2		140.03		127.95		1.87
3.63975e+07		-51.1932		283.522		1.75		0.75		0.5		10		1.5		0.5		23316		140.345		127.577		1.89
3.64055e+07		-51.6515		283.305		0.75		0.5		0.75		15.75		2.75		1		23508.7		140.658		127.202		1.91
3.64135e+07		-52.1095		283.083		2		1		0		26		2.25		0.75		23703.5		140.973		126.83		1.935
3.64215e+07		-52.5667		282.857		1		0.25		0.25		24.75		2.75		0.5		23900.9		141.28		126.46		1.9575
3.64295e+07		-53.024		282.628		0.5		1		0.25		34.25		4.25		0.25		24100		141.588		126.092		1.98
3.64375e+07		-53.481		282.394		1.5		0.5		0.5		47.125		6		0.75		24301.6		141.898		125.725		2.0075
3.64455e+07		-53.937		282.156		0		0.75		0.25		66.5		9.25		0.75		24504.8		142.2		125.357		2.0325
3.64535e+07		-54.393		281.913		1.75		0.75		0.75		92.25		15.5		1.25		24710.2		142.507		124.995		2.06
3.64615e+07		-54.8485		281.666		1.75		0.5		0.25		132		23		1		24917.4		142.81		124.632		2.0875
4.13735e+07		12.4697		275.755		0		0.5		0.25		0.25		0.25		0		24839.8		51.23		139.522		1.3825
4.13815e+07		11.998		275.645		0		0		0		0		0		0		24659.4		51.8225		140.16		1.3725
4.13895e+07		11.5265		275.537		0		0.5		0		0.25		0.25		0.25		24479.9		52.4325		140.805		1.3625
4.13975e+07		11.055		275.428		0		0.5		0.25		1		0.75		0.75		24302.5		53.0425		141.455		1.355
4.14055e+07		10.583		275.32		0.5		0		0.25		0.25		0.25		0		24126.1		53.665		142.117		1.345
4.14135e+07		10.112		275.212		0.25		0		0.25		0.25		0.25		0.25		23951.3		54.2925		142.787		1.34
4.14215e+07		9.64		275.103		0.25		0.25		0.75		0.5		0.5		0.25		23778		54.9275		143.465		1.33
4.14295e+07		9.16825		274.996		0		0.5		0.25		1.25		0.75		0.25		23606.8		55.5725		144.15		1.3225
4.14375e+07		8.697		274.888		0		0.25		0.25		0.5		0.5		0.25		23436.8		56.23		144.842		1.315
4.14455e+07		8.225		274.78		0.75		0.5		0		0.5		0.5		0.25		23269		56.89		145.545		1.3075
4.14535e+07		7.75325		274.673		0.5		0.5		0		0.25		0.25		0		23103.1		57.5625		146.258		1.3
4.14615e+07		7.282		274.566		0.5		0.75		0.5		0.5		0.5		0.25		22939.1		58.2425		146.975		1.2925
4.14695e+07		6.81		274.459		1		0.25		0		0.5		0.5		0.25		22777.3		58.9275		147.702		1.2875
4.14775e+07		6.338		274.352		0.5		0.25		0		0		0		0		22617.4		59.6225		148.438		1.28
4.14855e+07		5.86675		274.245		1.75		0.5		0.5		0.75		0.75		0.5		22459.7		60.33		149.185		1.275
4.14935e+07		5.395		274.139		1.75		0.75		0.25		0.5		0.5		0.25		22304.6		61.04		149.938		1.27
4.15015e+07		4.923		274.033		1.75		1		0		0.25		0.25		0.25		22151.6		61.7675		150.7		1.26
4.15095e+07		4.45125		273.926		2		1.25		0		0.25		0.25		0		22001.3		62.4975		151.47		1.2575
4.21895e+07		-35.4845		264.119		4		1.5		0.75		0.75		0.75		0.5		22016.5		129.378		137.342		1.4025
4.21975e+07		-35.9502		263.976		3.25		1.25		0.75		0.5		0.25		0		22153.9		129.893		136.765		1.41
4.22055e+07		-36.416		263.832		1.75		0.5		0.5		1.5		1		0.5		22293.3		130.397		136.197		1.4225
4.22135e+07		-36.8815		263.687		3.5		1		0		2		0.75		0.5		22434.9		130.893		135.64		1.4325
4.22215e+07		-37.3467		263.54		1		0.75		0.25		0		0		0		22578.4		131.38		135.085		1.4425
4.22295e+07		-37.812		263.393		0.5		0.25		0		0.75		0.5		0.25		22723.9		131.862		134.542		1.455
4.22375e+07		-38.277		263.243		1.25		0.75		0.25		1.75		0.5		0.5		22871.6		132.337		134.008		1.4675
4.22455e+07		-38.742		263.092		0.75		0.75		0.25		2.5		1		0.5		23021.3		132.797		133.475		1.4775
4.22535e+07		-39.207		262.94		0.75		1		0.5		1.5		0.75		0.25		23173.1		133.26		132.955		1.4925
4.22615e+07		-39.6712		262.786		0.75		0.25		0.5		0.75		0		0		23326.7		133.71		132.445		1.505
4.22695e+07		-40.1357		262.63		1		0.25		0.5		1.25		0		0		23481.9		134.155		131.935		1.5175
4.22775e+07		-40.6		262.473		0.25		0.25		0		2.25		1.25		0.5		23639.1		134.592		131.435		1.5275
4.22855e+07		-41.064		262.314		0.5		0		1		1		0.25		0.25		23798.3		135.027		130.943		1.5425
4.22935e+07		-41.5278		262.153		0.5		0		0.75		1.25		0.5		0.25		23959.3		135.45		130.455		1.5575
4.23015e+07		-41.991		261.99		0.25		0		0		0.75		0.25		0		24122.1		135.867		129.975		1.5725
4.23095e+07		-42.4548		261.826		0		0.75		0.5		3		1		0.25		24286.6		136.277		129.495		1.5875
4.23175e+07		-42.9178		261.66		0		0.25		0		3		0.5		0.25		24452.8		136.69		129.035		1.605
4.23255e+07		-43.3807		261.491		0.25		0.25		0.5		3.25		1		0.5		24620.6		137.09		128.568		1.62
4.23335e+07		-43.8435		261.321		0.25		0.25		0.5		3.5		0.5		0		24790.1		137.485		128.11		1.635
4.23415e+07		-44.306		261.148		1.25		0		0.25		3.25		0.75		0		24961.2		137.878		127.663		1.655
4.74295e+07		12.923		250.596		0.25		0		0.5		0.25		0		0		24920		53.46		143.365		1.2875
4.74375e+07		12.451		250.486		0		0.25		0.25		0.5		0.25		0.25		24747.4		54.1775		144.092		1.28
4.74455e+07		11.98		250.377		1		0		0.25		0.75		0.75		0.25		24577.4		54.9075		144.83		1.27
4.74535e+07		11.508		250.268		0.25		0.25		0.25		0.25		0.25		0		24409.7		55.645		145.58		1.2625
4.74615e+07		11.037		250.159		1		0.25		0.25		0		0		0		24244.2		56.39		146.335		1.2575
4.74695e+07		10.565		250.051		0.75		0.5		0.5		0.25		0.25		0		24081.4		57.145		147.1		1.25
4.74775e+07		10.0935		249.942		0.25		0		0.25		0		0		0		23921		57.91		147.87		1.2425
4.74855e+07		9.622		249.835		0.5		0.25		0.25		0.75		0.75		0.5		23763.3		58.68		148.652		1.2375
4.74935e+07		9.15		249.727		0.5		0.25		0.25		0		0		0		23608.4		59.4575		149.437		1.23
4.75015e+07		8.6785		249.619		0.75		0.25		0		0.75		0.75		0.75		23456.5		60.2475		150.233		1.2225
4.75095e+07		8.207		249.512		1		0.25		0.25		0		0		0		23307.2		61.0475		151.038		1.2175
4.75175e+07		7.735		249.405		1		0.5		0		0.25		0.25		0		23161.2		61.855		151.848		1.21
4.75255e+07		7.2635		249.297		1		0.5		0		0.25		0.25		0		23018.2		62.665		152.665		1.2075
4.75335e+07		6.792		249.19		0.25		0.5		0.25		0.75		0.75		0.5		22878.5		63.4875		153.488		1.2
4.75415e+07		6.32		249.083		0.5		0.5		0.5		0		0		0		22741.9		64.3225		154.322		1.1975
4.75495e+07		5.848		248.977		1.25		0		0		0.25		0.25		0.25		22608.8		65.16		155.16		1.19
4.75575e+07		5.377		248.87		0		0.25		0.25		0.25		0.25		0		22479		66.005		156.003		1.19
4.75655e+07		4.905		248.764		0.75		0.5		0.25		0.25		0.25		0.25		22352.8		66.86		156.855		1.18
4.75735e+07		4.433		248.658		1.25		0.25		0		0.5		0		0		22230.4		67.72		157.71		1.18
4.75815e+07		3.961		248.551		1.25		0		0.5		0.25		0.25		0.25		22111.5		68.5925		158.568		1.1725
4.80135e+07		-21.4683		242.677		5.75		0.75		0.25		0.25		0.25		0.25		22065.3		116.948		150.012		1.2175
4.80215e+07		-21.9375		242.56		5.75		0.75		0		0.25		0.25		0.25		22174		117.692		149.23		1.22
4.80295e+07		-22.4068		242.443		5.25		0.75		0		0.5		0.5		0.5		22285.5		118.432		148.467		1.225
4.80375e+07		-22.876		242.324		5.25		0		0		0.75		0.5		0.25		22400		119.162		147.702		1.23
4.80455e+07		-23.345		242.206		6.5		0.5		0		0.25		0.25		0.25		22517.4		119.88		146.947		1.24
4.80535e+07		-23.814		242.086		7.25		0.75		1		0		0		0		22637.4		120.592		146.2		1.245
4.80615e+07		-24.2827		241.966		5.5		1.25		0.75		0.25		0.25		0		22760		121.292		145.465		1.25
4.80695e+07		-24.7515		241.846		5.75		0.75		0		0.25		0.25		0		22885.3		121.985		144.738		1.26
4.80775e+07		-25.2205		241.725		5.75		1		0.5		0.5		0.5		0.5		23013.1		122.665		144.015		1.265
4.80855e+07		-25.6887		241.603		6.5		1		0.25		0		0		0		23143.4		123.34		143.305		1.2725
4.80935e+07		-26.1575		241.48		6		1.25		0.5		0.25		0.25		0.25		23276		124.005		142.603		1.2775
4.81015e+07		-26.6255		241.356		4.25		0		0.25		0.5		0.5		0.5		23410.9		124.655		141.908		1.285
4.81095e+07		-27.0945		241.233		2.5		0.5		0.5		0.25		0.25		0.25		23548		125.3		141.22		1.2925
4.81175e+07		-27.5625		241.108		3		0		0.25		0.5		0.25		0		23687.2		125.932		140.54		1.3
4.81255e+07		-28.0305		240.982		2.75		1		0.5		0		0		0		23828.6		126.56		139.872		1.31
4.81335e+07		-28.4985		240.856		3.25		0.75		0		0.5		0		0		23972		127.175		139.208		1.32
4.81415e+07		-28.9665		240.729		3.25		0.5		0.25		1		0.75		0.5		24117.3		127.785		138.555		1.3275
4.81495e+07		-29.4335		240.601		1.25		1		0.75		0.25		0.25		0.25		24264		128.382		137.915		1.3375
4.81575e+07		-29.9015		240.472		3.25		0		0.5		0.5		0.25		0.25		24413		128.97		137.275		1.3475
4.81655e+07		-30.3687		240.342		2		0.25		0.5		0.5		0.5		0.25		24563.8		129.553		136.648		1.355
4.81735e+07		-30.8363		240.212		1.25		0.25		0		0.75		0.5		0.25		24716.2		130.128		136.027		1.365
4.81815e+07		-31.3035		240.081		0.5		0.5		0		0.5		0.5		0		24870.2		130.685		135.415		1.375
5.05575e+07		-7.708		56.733		0		0		0		0.25		0.25		0		24993.2		123.815		34.9075		1.16
5.05655e+07		-7.2355		56.6257		0.5		0		0.25		0.25		0.25		0		24926.8		122.955		34.1875		1.15
5.05735e+07		-6.763		56.5188		0		0.5		0.75		0.5		0.5		0.5		24862.5		122.083		33.47		1.145
5.05815e+07		-6.2905		56.4118		0		0		0.75		0		0		0		24801.4		121.197		32.7475		1.14
5.05895e+07		-5.818		56.305		0		0		0		0.25		0.25		0.25		24742.5		120.298		32.03		1.1325
5.05975e+07		-5.345		56.1982		0		0		0.25		0.5		0.5		0		24687.1		119.388		31.315		1.13
5.06055e+07		-4.87225		56.0918		0		0.5		0		0		0		0		24634.2		118.467		30.6025		1.1225
5.06135e+07		-4.39975		55.9853		0		0		0.25		0.25		0.25		0.25		24584.7		117.535		29.895		1.12
5.06215e+07		-3.927		55.879		0		0		0		0.25		0		0		24538.3		116.592		29.1925		1.115
5.06295e+07		-3.45425		55.7725		0.25		0		0.25		0.25		0.25		0.25		24495.3		115.637		28.505		1.11
5.06375e+07		-2.98125		55.6665		0		0		0		0		0		0		24455.4		114.67		27.8125		1.11
5.06455e+07		-2.5085		55.5605		0		0.5		0		0.75		0.75		0.5		24419		113.697		27.1525		1.1
5.06535e+07		-2.03575		55.454		0		0.5		0		0		0		0		24386.5		112.715		26.4925		1.1
5.06615e+07		-1.56275		55.348		0		0		0		0.25		0.25		0.25		24357.2		111.715		25.84		1.0975
5.06695e+07		-1.09		55.242		0.25		0.75		0.25		0.25		0.25		0		24331.9		110.715		25.225		1.09
5.06775e+07		-0.617		55.136		0		0		0		0.25		0.25		0.25		24310.5		109.705		24.6225		1.09
5.06855e+07		-0.144		55.03		0.25		0.5		0		0.25		0.25		0.25		24292.8		108.688		24.055		1.09
5.06935e+07		0.329		54.924		0.5		0		0.5		0.25		0.25		0.25		24279.4		107.66		23.495		1.085
5.07015e+07		0.80175		54.818		0.25		0		0.25		0.25		0.25		0		24270.2		106.628		22.9725		1.08
5.07095e+07		1.27475		54.712		0		0		0		0		0		0		24264.8		105.585		22.4875		1.08
5.07175e+07		1.74775		54.606		0.25		0.25		0.25		0		0		0		24263.6		104.538		22.0225		1.08
5.07255e+07		2.22075		54.4997		0.25		0.25		0.25		0.5		0.25		0		24267		103.493		21.6275		1.08
5.07335e+07		2.69375		54.3935		0		0.5		0.25		0.5		0.5		0.5		24274.5		102.435		21.2525		1.0725
5.07415e+07		3.16675		54.2875		0.25		0.25		0		0		0		0		24286.1		101.372		20.9225		1.07
5.07495e+07		3.63975		54.181		0.25		0		0.25		0.5		0.5		0		24302.4		100.31		20.6575		1.07
5.07575e+07		4.11275		54.075		0		0		0.25		0.5		0.5		0.5		24323.1		99.24		20.4225		1.07
5.07655e+07		4.58575		53.9683		0		0		0.25		0.25		0.25		0.25		24348		98.17		20.25		1.07
5.07735e+07		5.05875		53.8617		0.5		0.75		0.25		0.5		0.25		0.25		24377.8		97.1		20.13		1.07
5.07815e+07		5.53175		53.755		0.25		0.25		0		0.5		0.25		0.25		24412		96.0275		20.0725		1.07
5.07895e+07		6.00475		53.6483		0.25		0		0		0.25		0		0		24450.4		94.9575		20.075		1.07
5.07975e+07		6.47775		53.5415		0		0		0		0.75		0.5		0.25		24493.4		93.8775		20.1075		1.07
5.08055e+07		6.95075		53.4345		0		0.25		0.25		0.25		0.25		0.25		24540.6		92.805		20.235		1.07
5.08135e+07		7.424		53.3273		0		0.25		0		0.5		0.5		0.5		24592.8		91.735		20.39		1.07
5.08215e+07		7.897		53.2197		0		0		0.5		0		0		0		24648.8		90.66		20.6		1.07
5.08295e+07		8.37		53.1125		0.25		0		0		0.5		0		0		24709.3		89.5925		20.87		1.07
5.08375e+07		8.84275		53.0045		0		0.25		0.25		0.5		0.5		0.25		24774.7		88.53		21.2025		1.07
5.08455e+07		9.31575		52.8965		0		0		0.75		0.25		0.25		0.25		24843.8		87.4625		21.555		1.07
5.08535e+07		9.78875		52.7885		0.25		0		0.25		0		0		0		24917.2		86.405		21.9575		1.07
5.08615e+07		10.2617		52.6805		0		0.5		0		0		0		0		24995.1		85.3475		22.4025		1.075
5.34215e+07		17.14		226.326		0.25		0.25		0.25		0.25		0		0		24978.7		52.75		142.747		1.27
5.34295e+07		16.669		226.213		0.5		0.5		0		0		0		0		24830.4		53.4475		143.447		1.2625
5.34375e+07		16.1975		226.101		0.25		0.5		0		0		0		0		24683.9		54.15		144.15		1.255
5.34455e+07		15.7262		225.989		1.25		0.25		0.25		0		0		0		24540.4		54.8675		144.868		1.25
5.34535e+07		15.255		225.878		0.5		0		0.25		0.5		0.5		0.5		24399.2		55.59		145.59		1.24
5.34615e+07		14.7835		225.767		1		0		0		0.5		0.5		0.25		24260.7		56.3225		146.323		1.2325
5.34695e+07		14.312		225.656		1.5		0.25		0.25		0.25		0.25		0.25		24124.9		57.0675		147.065		1.2275
5.34775e+07		13.841		225.546		0.5		0		0		0.75		0.75		0.5		23991.9		57.82		147.81		1.22
5.34855e+07		13.3693		225.436		1		0.25		0.25		0.25		0.25		0.25		23861.8		58.5775		148.572		1.2125
5.34935e+07		12.898		225.326		1.25		0		0		0.25		0.25		0.25		23734.6		59.345		149.335		1.21
5.35015e+07		12.4262		225.217		0.25		0		0		0		0		0		23610.1		60.1225		150.108		1.2
5.35095e+07		11.955		225.107		1.25		0.25		0.5		0		0		0		23489.2		60.9125		150.89		1.2
5.35175e+07		11.483		224.999		1		0		0		0.5		0.5		0.25		23370.7		61.71		151.68		1.19
5.35255e+07		11.012		224.889		0.75		0.25		0.5		0.75		0.5		0.25		23255.9		62.5125		152.475		1.1875
5.35335e+07		10.54		224.781		2.75		0.25		0.5		0		0		0		23144.4		63.33		153.285		1.18
5.35415e+07		10.0683		224.673		0.25		0		0.25		0		0		0		23035.8		64.1475		154.092		1.1775
5.35495e+07		9.597		224.564		0		0		0.25		0.5		0.5		0.5		22931		64.98		154.91		1.17
5.35575e+07		9.125		224.457		0.25		0.25		0.5		0.25		0.25		0.25		22829.4		65.8175		155.737		1.17
5.35655e+07		8.6535		224.35		0.25		0		0.25		0.25		0.25		0.25		22731.5		66.665		156.562		1.16
5.35735e+07		8.182		224.242		0.25		0		0		0		0		0		22637.1		67.52		157.4		1.16
5.35815e+07		7.71		224.134		0		0		0.75		0.25		0.25		0		22546.4		68.38		158.24		1.155
5.35895e+07		7.2385		224.028		0.25		0.25		0		0		0		0		22459.4		69.255		159.087		1.15
5.35975e+07		6.767		223.921		0		0.5		0.25		0		0		0		22376.4		70.135		159.938		1.15
5.36055e+07		6.295		223.814		0.25		0		0		0		0		0		22296.9		71.02		160.785		1.1425
5.36135e+07		5.82325		223.707		0.25		0.75		0.25		0.5		0.25		0		22221.3		71.9125		161.635		1.14
5.36215e+07		5.352		223.601		0		0.25		0.25		0		0		0		22150		72.8125		162.5		1.14
5.36295e+07		4.88		223.494		0.25		0.25		0		0.75		0.25		0.25		22082.6		73.7175		163.35		1.1375
5.36375e+07		4.408		223.388		0		0		0.5		0.25		0.25		0.25		22019.2		74.63		164.197		1.13
5.38615e+07		-8.794		220.413		0.25		0.25		0.25		0.25		0.25		0.25		22046.2		101.192		165.475		1.13
5.38695e+07		-9.265		220.305		0		0.25		0.25		0.25		0.25		0.25		22112.1		102.117		164.62		1.13
5.38775e+07		-9.736		220.198		0.25		0.5		0.25		0		0		0		22182.1		103.037		163.76		1.13
5.38855e+07		-10.207		220.09		0.25		0		0.5		0.5		0.25		0		22256.1		103.952		162.89		1.1375
5.38935e+07		-10.678		219.982		0.5		0.5		0.5		0		0		0		22334.4		104.857		162.03		1.14
5.39015e+07		-11.1488		219.874		0		0.5		0		0.25		0		0		22416.6		105.755		161.152		1.14
5.39095e+07		-11.6197		219.764		0		0.25		0.25		0		0		0		22502.9		106.65		160.283		1.1425
5.39175e+07		-12.0905		219.656		0		0		0.5		0.25		0.25		0.25		22593.1		107.537		159.417		1.15
5.39255e+07		-12.5612		219.547		0.5		0.5		0.5		0.5		0.5		0.5		22686.7		108.41		158.548		1.15
5.39335e+07		-13.0317		219.437		0		0		0.5		0.25		0.25		0		22784.5		109.285		157.688		1.155
5.39415e+07		-13.5025		219.328		0.25		0		0.25		0.25		0.25		0.25		22886		110.147		156.83		1.16
5.39495e+07		-13.9732		219.217		0.25		0.25		0.25		0.25		0.25		0.25		22990.6		111.003		155.98		1.16
5.39575e+07		-14.4435		219.107		1.75		0.5		0		0.5		0.5		0.25		23099.1		111.847		155.13		1.17
5.39655e+07		-14.914		218.997		1.25		0.25		0		0.25		0.25		0.25		23210.9		112.685		154.287		1.17
5.39735e+07		-15.3845		218.885		0.75		0.25		0		0.5		0.25		0.25		23326.1		113.513		153.445		1.1775
5.39815e+07		-15.8545		218.774		1.75		0.5		0.5		0.5		0.25		0.25		23444.2		114.337		152.615		1.18
5.39895e+07		-16.325		218.662		1.75		0.5		0.75		0		0		0		23566.1		115.15		151.795		1.1875
5.39975e+07		-16.7952		218.55		1.75		0.5		0		0.25		0.25		0.25		23690.5		115.95		150.977		1.19
5.40055e+07		-17.2652		218.438		2.5		0		0.5		0.5		0.5		0		23818.2		116.748		150.167		1.1975
5.40135e+07		-17.7355		218.325		3.5		0		0.25		0		0		0		23948.8		117.533		149.363		1.2
5.40215e+07		-18.2055		218.212		3		0		0.25		0.75		0.5		0.5		24082		118.302		148.568		1.21
5.40295e+07		-18.6752		218.098		2.25		0.25		0		0		0		0		24218		119.072		147.78		1.2125
5.40375e+07		-19.145		217.984		3.5		0.25		0.5		0.5		0.5		0.25		24357.1		119.83		147.003		1.22
5.40455e+07		-19.615		217.869		1.5		0		0.25		0		0		0		24498.2		120.58		146.232		1.2275
5.40535e+07		-20.0842		217.755		1.5		0.25		0.25		0		0		0		24641.9		121.312		145.465		1.235
5.40615e+07		-20.554		217.638		1.75		0		0.25		0.25		0.25		0.25		24787.9		122.048		144.712		1.24
5.40695e+07		-21.0235		217.522		2		0		0.5		0.5		0.5		0.25		24936.6		122.765		143.962		1.2475
5.61255e+07		-36.831		38.9525		0		0.5		0.25		132.25		44		1.75		23699.9		149.538		62.16		2.1875
5.61335e+07		-36.3643		38.8073		0		0.25		0		121.5		42		1.5		23618.4		149.485		62.005		2.1575
5.61415e+07		-35.8978		38.6632		0.75		0.5		0.5		93.75		31.375		0.5		23539.2		149.43		61.85		2.1275
5.61495e+07		-35.4308		38.5205		0		0.75		0.5		57.625		17.25		0.5		23462.4		149.375		61.69		2.1
5.61575e+07		-34.9637		38.379		1.25		0		0.25		39		11.25		1.25		23388.2		149.312		61.5225		2.0775
5.61655e+07		-34.4965		38.2388		0.25		0		0.5		18.25		5		0		23316.1		149.245		61.355		2.05
5.61735e+07		-34.0293		38.0998		0.25		0		0.25		14.25		4.25		0.5		23246.4		149.173		61.185		2.0225
5.61815e+07		-33.5615		37.9618		0.25		0.25		0.25		11.5		3		0.25		23179.2		149.1		61.0075		1.9975
5.61895e+07		-33.0935		37.825		0		0		1.25		4.25		1.5		0.5		23114.2		149.02		60.83		1.9725
5.61975e+07		-32.6265		37.6892		0		1.25		0.75		3		1.25		0		23051.5		148.932		60.6425		1.9475
5.62055e+07		-32.1585		37.5545		0.25		0		0.25		1.75		1		0.25		22991.1		148.842		60.455		1.9225
5.62135e+07		-31.6902		37.421		1		0.25		0.75		0.5		0.25		0		22933.1		148.747		60.26		1.9
5.62215e+07		-31.2215		37.2885		0		0.25		0.5		0.75		0		0		22877		148.64		60.0625		1.8775
5.62295e+07		-30.7535		37.1565		0		0		0.25		1.5		1.25		0.5		22823.5		148.527		59.855		1.855
5.62375e+07		-30.285		37.0258		0		0.5		1.25		1.75		0.75		0.25		22772		148.408		59.6425		1.835
5.62455e+07		-29.8165		36.8958		0		0		0.25		1.5		1		0.25		22722.7		148.28		59.43		1.815
5.62535e+07		-29.3475		36.767		0.25		0		0		1.25		0.75		0.25		22675.5		148.145		59.205		1.795
5.62615e+07		-28.8787		36.639		0		0.5		1		1		0.75		0.5		22630.5		148.003		58.9775		1.775
5.62695e+07		-28.4097		36.5115		0.25		0		0.5		0.75		0.5		0.25		22587.2		147.85		58.74		1.755
5.62775e+07		-27.9408		36.385		0.25		0		0.25		2.25		1.5		0.5		22546.4		147.685		58.4975		1.735
5.62855e+07		-27.4713		36.2595		0		0		1.5		1		0.25		0		22507.2		147.507		58.245		1.715
5.62935e+07		-27.002		36.1345		0		0.5		0.75		2		1.75		0.75		22470.1		147.327		57.99		1.695
5.63015e+07		-26.5328		36.0105		0.25		0.5		0.5		0.75		0.5		0.25		22434.6		147.132		57.7225		1.675
5.63095e+07		-26.063		35.8872		0		0		0		0.75		0.75		0		22401.2		146.927		57.45		1.66
5.63175e+07		-25.5935		35.7645		0.25		0.25		0.25		0.25		0.25		0.25		22369.6		146.712		57.17		1.645
5.63255e+07		-25.1235		35.6425		0		0		0.25		0.25		0.25		0.25		22339.4		146.48		56.88		1.625
5.63335e+07		-24.6538		35.5212		0		0.25		0		1.25		1		1		22311.2		146.24		56.58		1.61
5.63415e+07		-24.1838		35.4005		0		0.25		0.5		1		0.75		0.25		22284.4		145.985		56.2725		1.5925
5.63495e+07		-23.7135		35.2803		0.25		0		0.25		0.25		0.25		0.25		22259.2		145.72		55.96		1.575
5.63575e+07		-23.2435		35.161		0		0.25		0.5		1.5		1		0.5		22235.4		145.438		55.635		1.56
5.63655e+07		-22.7733		35.0423		0		0		0		0.75		0.5		0.5		22213.1		145.145		55.3		1.545
5.63735e+07		-22.3027		34.924		0.25		0		0.5		0		0		0		22192.1		144.837		54.96		1.53
5.63815e+07		-21.8325		34.8063		0		0		0.75		1.25		1.25		0.75		22172.4		144.515		54.605		1.515
5.63895e+07		-21.3617		34.689		0		0		0.25		0.5		0.5		0.5		22154.2		144.178		54.2425		1.5025
5.63975e+07		-20.8913		34.5725		0		0.25		0.75		0.5		0.5		0.25		22136.8		143.827		53.8675		1.485
5.64055e+07		-20.4202		34.4565		0.5		0		0		1.25		0.25		0.25		22120.7		143.46		53.485		1.475
5.64135e+07		-19.9495		34.3408		0		0		0		1.5		1		0.5		22105.6		143.082		53.09		1.4625
5.64215e+07		-19.4788		34.2255		0		0		0		0.75		0.75		0.25		22091.4		142.685		52.69		1.4475
5.64295e+07		-19.0075		34.111		0		0.25		0		0.5		0.25		0.25		22078.6		142.275		52.275		1.435
5.64375e+07		-18.5368		33.9967		0		0.25		0		0.25		0.25		0.25		22066.3		141.85		51.8525		1.4225
5.64455e+07		-18.0655		33.883		0		0		0		0.25		0.25		0.25		22054.8		141.408		51.42		1.41
5.64535e+07		-17.594		33.7698		0		0		0.5		0		0		0		22044.1		140.948		50.9725		1.3975
5.64615e+07		-17.123		33.6567		0.25		0.5		0.5		0.75		0.75		0.5		22034.7		140.475		50.52		1.385
5.64695e+07		-16.6515		33.544		0		0		0.25		0.5		0.5		0.25		22025.5		139.988		50.0525		1.375
5.64775e+07		-16.18		33.432		0		0.25		0		0.25		0.25		0.25		22017		139.482		49.58		1.3625
5.64855e+07		-15.7085		33.32		0		0		0		1.75		1.25		1		22009.1		138.962		49.0875		1.355
5.64935e+07		-15.237		33.2087		0		0		0.5		0.25		0		0		22001.9		138.425		48.595		1.3425
5.66935e+07		-3.4295		30.5037		0		0.25		0		0.5		0.25		0		22010.1		119.98		33.425		1.155
5.67015e+07		-2.95675		30.3975		0		0		0.25		0.75		0.75		0.5		22021.9		119.058		32.765		1.15
5.67095e+07		-2.48375		30.2913		0		0		0.5		0.5		0.5		0.25		22035.3		118.125		32.1075		1.1475
5.67175e+07		-2.011		30.185		0		0		0		0		0		0		22050.2		117.185		31.46		1.14
5.67255e+07		-1.538		30.079		0		0.5		0.25		0.25		0.25		0		22066.6		116.232		30.82		1.14
5.67335e+07		-1.065		29.973		0		0.5		0.5		0.5		0.5		0		22085.1		115.262		30.1775		1.13
5.67415e+07		-0.59225		29.867		0		0		0		0.25		0.25		0		22104.9		114.288		29.5575		1.13
5.67495e+07		-0.11925		29.761		0.25		0		0		0.25		0.25		0.25		22127		113.302		28.955		1.1275
5.67575e+07		0.3535		29.655		0		0		0.25		0.25		0.25		0.25		22150.8		112.305		28.3425		1.12
5.67655e+07		0.8265		29.549		0		0		0.5		0.25		0.25		0.25		22177.1		111.303		27.76		1.12
5.67735e+07		1.2995		29.443		0		0.25		0		0.25		0.25		0		22205.2		110.295		27.2025		1.12
5.67815e+07		1.7725		29.3368		0.25		0		0.75		0.5		0.5		0.25		22235.7		109.273		26.655		1.11
5.67895e+07		2.2455		29.2307		0.25		0.5		0.25		0.75		0.75		0.5		22268.8		108.245		26.1425		1.11
5.67975e+07		2.7185		29.1245		0.25		0		0.25		0		0		0		22304.2		107.208		25.6425		1.11
5.68055e+07		3.1915		29.0182		0		0		0		0.25		0.25		0.25		22342.2		106.168		25.18		1.11
5.68135e+07		3.6645		28.912		0.25		0.25		0		0.5		0.5		0.25		22382.7		105.12		24.73		1.1
5.68215e+07		4.1375		28.8057		0		0.5		0.25		1		1		0.5		22425.8		104.068		24.335		1.1
5.68295e+07		4.6105		28.699		0		0.75		0.75		0.25		0.25		0		22471.8		103.01		23.975		1.1
5.68375e+07		5.08375		28.5925		0.5		0		0.5		0.5		0.5		0.25		22520.5		101.945		23.635		1.1
5.68455e+07		5.55675		28.4858		0		0		0.25		0.25		0		0		22572.3		100.878		23.3425		1.1
5.68535e+07		6.02975		28.379		0		0.25		0.25		0.25		0.25		0.25		22626.8		99.8075		23.1075		1.1
5.68615e+07		6.50275		28.272		0.25		0.75		0		0.5		0.5		0.25		22684.4		98.7375		22.9		1.1
5.68695e+07		6.97575		28.165		0		0.25		0		0.75		0.75		0.75		22745		97.665		22.75		1.09
5.68775e+07		7.44875		28.058		0.25		0.25		0.25		0.5		0.5		0		22808.8		96.585		22.6375		1.09
5.68855e+07		7.92175		27.9505		0		0.25		0		0.25		0.25		0.25		22875.3		95.505		22.58		1.09
5.68935e+07		8.39475		27.843		0		0		0.5		0.5		0.5		0.25		22945.6		94.425		22.565		1.09
5.69015e+07		8.86775		27.7355		0		0.5		0.5		0.25		0.25		0		23018.6		93.3525		22.6175		1.09
5.69095e+07		9.3405		27.6275		0		0.25		0.75		0		0		0		23094.8		92.275		22.69		1.09
5.69175e+07		9.81375		27.5195		0		0.25		0		0.75		0.5		0.25		23174.4		91.195		22.83		1.09
5.69255e+07		10.2865		27.4107		0.25		0.75		0.25		0.5		0.25		0		23256.6		90.1175		23.02		1.09
5.69335e+07		10.7592		27.3025		0		0		0.25		0.5		0.25		0.25		23342.8		89.045		23.245		1.095
5.69415e+07		11.2323		27.1935		0		0.25		0.25		0.5		0.5		0.25		23431.2		87.98		23.5275		1.1
5.69495e+07		11.705		27.0845		0.25		0		0		0		0		0		23523.8		86.9125		23.835		1.1
5.69575e+07		12.178		26.9753		0.5		0.5		0.25		0.25		0.25		0		23618.5		85.845		24.18		1.1
5.69655e+07		12.651		26.8655		0.25		0		0.25		0.75		0.5		0.25		23717.1		84.79		24.59		1.1
5.69735e+07		13.1235		26.756		0.25		0		0.75		0		0		0		23818.2		83.735		25.005		1.1
5.69815e+07		13.5963		26.6455		0.25		0.25		0.25		0.5		0.5		0.25		23922		82.685		25.4675		1.1
5.69895e+07		14.069		26.5353		0.25		0.25		0.25		0		0		0		24029.9		81.645		25.9625		1.105
5.69975e+07		14.5417		26.4245		0		0		0.5		0.25		0.25		0.25		24139.6		80.6025		26.4675		1.11
5.70055e+07		15.014		26.3133		0		0.5		0		0		0		0		24252		79.5775		27.0275		1.11
5.70135e+07		15.487		26.202		0.25		0		0		1		0.75		0.5		24367.6		78.5525		27.5775		1.11
5.70215e+07		15.9592		26.09		0		0		0		0.25		0.25		0		24486.5		77.535		28.165		1.1175
5.70295e+07		16.432		25.978		0.5		0.75		0		0.5		0.5		0.25		24607		76.5275		28.77		1.12
5.70375e+07		16.9042		25.8652		0		0		0.25		0.25		0.25		0		24730.2		75.525		29.3925		1.12
5.70455e+07		17.377		25.7525		0		0.5		0		0		0		0		24855.8		74.535		30.025		1.125
5.70535e+07		17.849		25.6392		0		0		0.5		0		0		0		24983.7		73.55		30.67		1.13
5.94055e+07		21.8207		202.205		0		0		0.25		0.25		0.25		0.25		24986.2		51.6175		141.6		1.27
5.94135e+07		21.3503		202.088		1		0.25		0.25		0		0		0		24858.5		52.2625		142.25		1.2625
5.94215e+07		20.8795		201.971		0.5		0		0.75		0.25		0.25		0.25		24733.9		52.915		142.902		1.255
5.94295e+07		20.4088		201.855		0		0		0.25		0		0		0		24612.2		53.57		143.565		1.25
5.94375e+07		19.9377		201.74		0.5		0.5		0		0		0		0		24493.1		54.2425		144.238		1.24
5.94455e+07		19.4668		201.625		0		0.25		0		0.25		0		0		24375.9		54.92		144.92		1.2325
5.94535e+07		18.9958		201.51		0.5		0		0.25		0.25		0.25		0.25		24262		55.6125		145.607		1.2275
5.94615e+07		18.5247		201.396		0.5		0		0		0.75		0.75		0.5		24151.1		56.31		146.307		1.22
5.94695e+07		18.0535		201.282		0.25		0.25		0.25		0		0		0		24042.5		57.0175		147.017		1.2125
5.94775e+07		17.5825		201.169		0.25		0.25		0.5		0		0		0		23936.8		57.735		147.735		1.2075
5.94855e+07		17.1112		201.056		0.25		0.25		0.25		0.25		0.25		0.25		23834.6		58.46		148.46		1.2
5.94935e+07		16.64		200.943		0.25		0.25		0.5		0.25		0.25		0.25		23734.6		59.2025		149.195		1.195
5.95015e+07		16.169		200.831		0.5		0		0		0.25		0.25		0		23638.1		59.9425		149.943		1.19
5.95095e+07		15.6978		200.719		0.5		0.25		0		0.5		0.5		0.25		23544.8		60.7025		150.693		1.1825
5.95175e+07		15.2262		200.608		0.5		0		0		0.25		0		0		23454.1		61.47		151.457		1.18
5.95255e+07		14.755		200.497		0.5		0.5		0		0.5		0.5		0.5		23367		62.2475		152.228		1.17
5.95335e+07		14.2835		200.386		0.5		0		0		0		0		0		23282.8		63.03		153.007		1.17
5.95415e+07		13.812		200.276		0.5		0		0.25		0		0		0		23202.4		63.825		153.795		1.16
5.95495e+07		13.3407		200.166		0.5		0.5		0		0		0		0		23124.8		64.63		154.59		1.16
5.95575e+07		12.869		200.056		0.5		0		0.25		0		0		0		23051		65.445		155.395		1.1525
5.95655e+07		12.3977		199.947		0		0.5		0.25		0		0		0		22980.6		66.27		156.208		1.15
5.95735e+07		11.926		199.837		0.5		0.25		0.5		0.25		0.25		0.25		22913.6		67.1		157.025		1.1475
5.95815e+07		11.4548		199.728		0.25		0		0.5		0.75		0.75		0		22850.6		67.945		157.853		1.14
5.95895e+07		10.983		199.619		0		0		0.25		0.5		0.5		0		22790.6		68.8		158.682		1.14
5.95975e+07		10.5112		199.512		0.25		0.25		0		0.25		0.25		0.25		22734.9		69.6575		159.52		1.135
5.96055e+07		10.04		199.403		0		0.25		0.5		0		0		0		22682.7		70.5225		160.36		1.13
5.96135e+07		9.568		199.294		0.25		0.25		0		0.75		0.5		0.25		22634.3		71.4025		161.208		1.13
5.96215e+07		9.0965		199.187		0		0		0.75		0.5		0.5		0.5		22589.8		72.2875		162.06		1.125
5.96295e+07		8.625		199.079		0		0.25		1		0.25		0		0		22549.3		73.1825		162.908		1.12
5.96375e+07		8.153		198.972		0.25		0.5		0		0.25		0.25		0		22513.1		74.08		163.76		1.12
5.96455e+07		7.681		198.865		0		0.5		0.25		0.25		0.25		0.25		22480.5		74.9925		164.612		1.12
5.96535e+07		7.21		198.758		0.25		0.25		0		0		0		0		22452.3		75.9075		165.465		1.115
5.96615e+07		6.738		198.651		0.25		0.25		0		0		0		0		22428		76.825		166.302		1.11
5.96695e+07		6.266		198.544		0		0.5		0		0		0		0		22408.2		77.755		167.145		1.11
5.96775e+07		5.7945		198.437		0.25		0.25		0.25		0		0		0		22392.6		78.69		167.97		1.11
5.96855e+07		5.323		198.331		0.25		0		0		0.25		0.25		0.25		22381.2		79.635		168.783		1.11
5.96935e+07		4.851		198.224		0		0.25		0		0		0		0		22374.1		80.5775		169.57		1.11
5.97015e+07		4.379		198.118		0		0.5		0		0		0		0		22371.7		81.5275		170.337		1.1
5.97095e+07		3.90775		198.012		0		0.25		1.25		0		0		0		22373.4		82.485		171.068		1.1
5.97175e+07		3.436		197.905		0.25		0.5		0		0.25		0.25		0.25		22379.7		83.4425		171.742		1.1
5.97255e+07		2.964		197.799		0.25		0.5		0.25		0.25		0.25		0		22390.4		84.4075		172.347		1.1
5.97335e+07		2.4925		197.693		0		0.5		0		0.25		0.25		0.25		22405.5		85.3775		172.89		1.1
5.97415e+07		2.021		197.587		0.25		0.5		0.25		0.5		0.5		0.5		22425.3		86.345		173.312		1.1
5.97495e+07		1.549		197.482		0		0.5		0.25		0		0		0		22449.7		87.315		173.618		1.1
5.97575e+07		1.077		197.376		0.25		0.25		0.5		0.25		0.25		0		22478.7		88.29		173.78		1.1
5.97655e+07		0.606		197.27		0		0		0.25		0.5		0.5		0.5		22512		89.26		173.775		1.1
5.97735e+07		0.134		197.164		0.5		1.25		0		0.5		0.25		0		22550.1		90.24		173.62		1.1
5.97815e+07		-0.3375		197.059		0.5		0.75		0.25		0		0		0		22592.6		91.2175		173.333		1.1
5.97895e+07		-0.809		196.952		0.25		0.75		0.25		0		0		0		22640		92.1925		172.883		1.1
5.97975e+07		-1.281		196.846		0.25		0		0.25		0		0		0		22691.4		93.17		172.355		1.1
5.98055e+07		-1.75225		196.74		0		0.5		0.5		0.25		0.25		0		22747.6		94.145		171.728		1.1
5.98135e+07		-2.224		196.635		0		0		0.75		0		0		0		22808.6		95.12		171.03		1.1
5.98215e+07		-2.69525		196.529		0		0		0.25		0.75		0.5		0.25		22873.9		96.09		170.29		1.1025
5.98295e+07		-3.167		196.423		0.25		0		0.25		0.5		0.5		0.5		22943.4		97.06		169.505		1.11
5.98375e+07		-3.6385		196.317		0		0.25		0.25		0		0		0		23017.7		98.0275		168.693		1.11
5.98455e+07		-4.11		196.211		0		0		0.25		0		0		0		23096.3		98.9925		167.855		1.11
5.98535e+07		-4.5815		196.105		0.25		0		0.75		0.25		0.25		0		23179.1		99.95		166.997		1.11
5.98615e+07		-5.053		195.998		0.25		0.5		0		0		0		0		23266.4		100.908		166.125		1.11
5.98695e+07		-5.524		195.892		0		0.25		0.5		0.5		0.25		0.25		23357.9		101.857		165.247		1.1175
5.98775e+07		-5.99575		195.785		0.25		0.25		0.25		0		0		0		23453.5		102.805		164.355		1.12
5.98855e+07		-6.467		195.679		0		0.5		0.5		0		0		0		23553.2		103.75		163.462		1.12
5.98935e+07		-6.938		195.572		0		0		0		1.25		1		0.5		23657.1		104.685		162.568		1.12
5.99015e+07		-7.4095		195.465		0		0.25		0		0.25		0.25		0.25		23765		105.613		161.667		1.13
5.99095e+07		-7.8805		195.358		0		0.5		0.25		0		0		0		23876.6		106.537		160.767		1.13
5.99175e+07		-8.35175		195.251		0		0.75		0		0.75		0.75		0.5		23992.4		107.458		159.87		1.13
5.99255e+07		-8.823		195.143		0		0		0		0.25		0.25		0		24111.6		108.365		158.973		1.14
5.99335e+07		-9.294		195.035		0		0.5		0		0		0		0		24235		109.268		158.085		1.14
5.99415e+07		-9.765		194.927		0		0.5		1		0.25		0.25		0.25		24361.5		110.167		157.195		1.145
5.99495e+07		-10.236		194.82		0.25		0.25		0.25		0.75		0.75		0.25		24491.8		111.053		156.31		1.15
5.99575e+07		-10.707		194.712		0		0		0.5		1		1		1		24625.2		111.935		155.43		1.1525
5.99655e+07		-11.1778		194.603		0.25		0.25		0.25		0.25		0.25		0.25		24762.2		112.805		154.555		1.16
5.99735e+07		-11.6488		194.494		0.25		0.25		0.25		0.5		0		0		24902.6		113.67		153.688		1.1625
6.29975e+07		10.789		2.0325		0.5		0.25		0		0.5		0.5		0.25		22074.2		92.03		18.715		1.11
6.30055e+07		11.262		1.92375		0.5		0.25		0.25		0.75		0.5		0.5		22152.4		90.925		18.8625		1.11
6.30135e+07		11.7347		1.81475		0		0.25		0.25		0.25		0.25		0.25		22235.1		89.8175		19.065		1.11
6.30215e+07		12.2075		1.70525		0.25		0.5		0.25		0		0		0		22320.1		88.715		19.3275		1.11
6.30295e+07		12.6803		1.596		0.5		0.25		0		0.25		0.25		0		22409.3		87.62		19.6475		1.11
6.30375e+07		13.153		1.486		0.25		0		0.25		0.25		0.25		0.25		22501.2		86.525		20.02		1.11
6.30455e+07		13.6258		1.37575		0		0.5		0.5		0.25		0.25		0.25		22596.2		85.435		20.4325		1.11
6.30535e+07		14.0985		1.26525		0.25		0		0.75		0.75		0.75		0.5		22695.6		84.3475		20.905		1.1125
6.30615e+07		14.571		1.15425		0		0		0.5		0.25		0.25		0.25		22797.2		83.27		21.4075		1.12
6.30695e+07		15.044		1.04325		0.25		0.5		0.25		0.5		0.25		0.25		22902		82.1975		21.95		1.12
6.30775e+07		15.5162		0.932		0		0.25		0		0.5		0.5		0.25		23010.4		81.13		22.5325		1.12
6.30855e+07		15.989		0.82		0.5		0		0.25		0.25		0.25		0.25		23122		80.0725		23.1425		1.12
6.30935e+07		16.4615		0.708		0.25		0.75		0		0		0		0		23236.2		79.015		23.7675		1.1225
6.31015e+07		16.934		0.595		0		0.5		0		0.5		0.5		0.5		23353.2		77.975		24.435		1.13
6.31095e+07		17.406		0.48225		0		0.25		0		1.25		1		0.75		23473.1		76.9375		25.1		1.13
6.31175e+07		17.879		0.36875		0		0.25		0		0.25		0		0		23596		75.91		25.79		1.13
6.31255e+07		18.351		0.255		0.25		0.75		0		0		0		0		23721.5		74.8925		26.505		1.14
6.31335e+07		18.823		0.14075		0.25		0		0.25		0.25		0		0		23850.3		73.885		27.2275		1.14
6.31415e+07		19.296		90.026		0.25		0.25		0.25		0.25		0		0		23981.7		72.88		27.9475		1.1425
6.31495e+07		19.768		359.911		0		0.25		0.25		0.75		0.75		0.75		24115.1		71.89		28.69		1.15
6.31575e+07		20.24		359.795		0		0		0		0.5		0.25		0.25		24250.7		70.9125		29.44		1.15
6.31655e+07		20.712		359.679		0		0		0.25		0		0		0		24387.9		69.9425		30.1925		1.16
6.31735e+07		21.184		359.562		0		0		0.25		0		0		0		24527.8		68.98		30.9425		1.16
6.31815e+07		21.656		359.445		0.25		0		0		0.5		0.25		0.25		24670.2		68.03		31.695		1.17
6.31895e+07		22.128		359.327		0		0		0		0.75		0.5		0.25		24814.5		67.09		32.4525		1.1725
6.31975e+07		22.6		359.209		0		0.25		0		0		0		0		24960.8		66.165		33.21		1.18
6.54455e+07		23.2013		177.29		0.25		0		0		0.75		0.75		0.25		24893.5		55.835		145.697		1.2175
6.54535e+07		22.7305		177.171		0.75		0		0		0		0		0		24785		56.5175		146.392		1.21
6.54615e+07		22.26		177.053		0		0		0		0.5		0.5		0.5		24679		57.205		147.1		1.2025
6.54695e+07		21.7892		176.935		0.25		0.25		0		0.25		0.25		0		24575.6		57.9075		147.81		1.1975
6.54775e+07		21.3188		176.817		0.25		0		0		0.25		0		0		24475.9		58.62		148.54		1.19
6.54855e+07		20.8477		176.701		0		0		0		0.25		0.25		0.25		24379.4		59.34		149.267		1.1875
6.54935e+07		20.377		176.585		0.25		0		0.25		0		0		0		24286		60.07		150.01		1.18
6.55015e+07		19.906		176.47		0.25		0.25		0		0.75		0.75		0.5		24195.2		60.81		150.758		1.1725
6.55095e+07		19.435		176.354		0		0.5		0		0		0		0		24108.1		61.555		151.518		1.17
6.55175e+07		18.9643		176.24		0		0		0		0.5		0.5		0.25		24024.6		62.315		152.283		1.16
6.55255e+07		18.493		176.125		0		0.25		0		0		0		0		23944		63.085		153.06		1.16
6.55335e+07		18.022		176.012		0		0.25		0.25		0.25		0.25		0		23866.9		63.86		153.848		1.15
6.55415e+07		17.551		175.899		0		0.25		0		0		0		0		23793.9		64.645		154.64		1.15
6.55495e+07		17.0798		175.785		0		0.75		0.5		0		0		0		23723.8		65.445		155.44		1.1425
6.55575e+07		16.6082		175.673		0.25		0.75		0.25		0		0		0		23657.7		66.2475		156.245		1.14
6.55655e+07		16.137		175.561		0		0.25		0.75		0.25		0		0		23595.5		67.0675		157.065		1.1375
6.55735e+07		15.666		175.449		0		0.25		0.75		0.5		0.5		0.5		23536.6		67.89		157.89		1.13
6.55815e+07		15.1945		175.338		0		0		0		0.5		0.5		0.5		23482.3		68.725		158.723		1.13
6.55895e+07		14.723		175.227		0.25		0		0.25		0.25		0		0		23431		69.565		159.56		1.12
6.55975e+07		14.252		175.116		0		0.5		0.5		0.5		0.5		0.5		23384.6		70.4175		160.402		1.12
6.56055e+07		13.7802		175.005		0.25		0.25		0.25		0.25		0.25		0.25		23341.3		71.275		161.253		1.12
6.56135e+07		13.309		174.896		0		0		0.25		0.5		0.5		0.25		23302.9		72.1425		162.11		1.11
6.56215e+07		12.837		174.786		0.25		0		0.25		1		0.5		0.5		23268.1		73.02		162.97		1.11
6.56295e+07		12.366		174.676		0		0		0.5		0.25		0.25		0.25		23237.8		73.9		163.832		1.11
6.56375e+07		11.894		174.567		0.25		0.5		0.5		0		0		0		23211.9		74.795		164.695		1.11
6.56455e+07		11.4228		174.458		0		0.25		0.25		0.5		0.25		0.25		23190		75.69		165.568		1.1
6.56535e+07		10.951		174.35		0.25		0.25		0.5		0.25		0		0		23172.9		76.5975		166.435		1.1
6.56615e+07		10.4792		174.241		0		0.5		0.25		0.25		0.25		0.25		23159.9		77.51		167.302		1.1
6.56695e+07		10.008		174.132		0.25		0		0.5		1		1		0.5		23151.5		78.4275		168.165		1.1
6.56775e+07		9.536		174.025		0		0.25		0.25		0		0		0		23147.8		79.3525		169.015		1.095
6.56855e+07		9.0645		173.917		0		0.75		0.25		0.25		0.25		0.25		23148.5		80.2825		169.867		1.09
6.56935e+07		8.593		173.809		0		0.5		0		0.25		0.25		0.25		23153.6		81.22		170.697		1.09
6.57015e+07		8.121		173.702		0		0.5		0.5		0.5		0.5		0.25		23163.7		82.1625		171.502		1.09
6.57095e+07		7.64925		173.595		0.25		0.25		0.75		0.5		0.5		0.5		23178.4		83.11		172.285		1.09
6.57175e+07		7.178		173.488		0.25		0.5		0.25		0.5		0.5		0.25		23197.9		84.06		173.018		1.09
6.57255e+07		6.706		173.381		0.75		0.75		0.75		0.5		0.25		0.25		23222.2		85.01		173.682		1.09
6.57335e+07		6.234		173.274		0.25		1		0		0.25		0		0		23251.1		85.97		174.275		1.09
6.57415e+07		5.76275		173.167		0.25		0.25		0.25		0		0		0		23284.7		86.935		174.747		1.09
6.57495e+07		5.291		173.061		0.5		0.25		0.25		0		0		0		23323.5		87.8975		175.075		1.09
6.57575e+07		4.819		172.954		0.75		1		0.5		0		0		0		23366.8		88.86		175.2		1.09
6.57655e+07		4.347		172.848		0		0		0.5		0		0		0		23414.9		89.8325		175.15		1.09
6.57735e+07		3.876		172.742		0		0		0		0.25		0.25		0.25		23468.2		90.8025		174.89		1.09
6.57815e+07		3.404		172.635		0.25		0.5		0		0.25		0.25		0.25		23526.1		91.77		174.467		1.09
6.57895e+07		2.932		172.529		0		0.5		1		0.25		0.25		0.25		23588.8		92.7425		173.912		1.09
6.57975e+07		2.4605		172.423		0.25		0.25		0		0.5		0.5		0.5		23656		93.7125		173.262		1.09
6.58055e+07		1.989		172.318		0.5		0.75		0		0		0		0		23728.3		94.6825		172.527		1.09
6.58135e+07		1.517		172.212		0.25		0.75		0		0.25		0.25		0		23805.4		95.6525		171.745		1.09
6.58215e+07		1.045		172.105		0.25		0		0.25		0		0		0		23887.2		96.6225		170.927		1.09
6.58295e+07		0.574		172		0.5		0		0		0.25		0.25		0.25		23973.6		97.585		170.072		1.09
6.58375e+07		0.102		171.894		0		0.25		0.25		0.25		0.25		0		24064.5		98.5525		169.208		1.095
6.58455e+07		-0.3695		171.788		0		0		0.5		0		0		0		24160.4		99.515		168.312		1.1
6.58535e+07		-0.841		171.682		0.25		0.75		0.25		0.25		0		0		24260.6		100.475		167.417		1.1
6.58615e+07		-1.313		171.576		0.25		0.5		0.5		0.5		0.5		0		24365.4		101.427		166.508		1.1
6.58695e+07		-1.784		171.47		0.5		0.5		0		0.25		0.25		0.25		24474.5		102.38		165.595		1.1
6.58775e+07		-2.256		171.365		0		0.25		0		0.75		0.75		0		24588.1		103.327		164.685		1.1075
6.58855e+07		-2.7275		171.258		0		0		0.25		0		0		0		24706.1		104.27		163.765		1.11
6.58935e+07		-3.199		171.152		0.25		0.25		0.75		0.25		0.25		0		24828.3		105.21		162.845		1.11
6.59015e+07		-3.67075		171.047		0		0		0		0.5		0.5		0.25		24954.4		106.145		161.93		1.1125
6.91415e+07		15.5473		335.662		0		0.25		0		0.5		0.5		0.25		22126		75.6925		19.7325		1.16
6.91495e+07		16.02		335.55		0.5		0.25		0.5		0.25		0.25		0.25		22262.8		74.685		20.6075		1.1625
6.91575e+07		16.4925		335.438		0		0		0.25		0		0		0		22401.6		73.685		21.485		1.17
6.91655e+07		16.965		335.325		0		0.25		0		0		0		0		22543.4		72.6975		22.3775		1.17
6.91735e+07		17.4373		335.212		0		0.5		0.25		0.75		0.5		0.5		22687.8		71.7225		23.26		1.1775
6.91815e+07		17.91		335.099		0		0		0		0		0		0		22835		70.7475		24.1425		1.18
6.91895e+07		18.382		334.984		0.25		0		0.25		0		0		0		22984.8		69.7875		25.03		1.1875
6.91975e+07		18.854		334.87		0.5		0.25		0.75		0.75		0.5		0.25		23137.2		68.83		25.905		1.19
6.92055e+07		19.3265		334.756		0		0.5		0.75		0.25		0.25		0.25		23292.1		67.8875		26.7875		1.195
6.92135e+07		19.799		334.641		0		0.25		0.25		0		0		0		23449.4		66.9525		27.6625		1.2
6.92215e+07		20.271		334.525		0		0		0		0		0		0		23609.1		66.025		28.53		1.21
6.92295e+07		20.743		334.409		0		0		0.25		0.5		0.5		0.25		23770.9		65.1075		29.39		1.2125
6.92375e+07		21.215		334.292		0.25		0		0		0		0		0		23934.8		64.21		30.2525		1.22
6.92455e+07		21.687		334.175		0		0		0		0		0		0		24100.9		63.31		31.1025		1.23
6.92535e+07		22.159		334.057		0		0.5		0.25		0.75		0.75		0.25		24268.9		62.4275		31.945		1.235
6.92615e+07		22.631		333.939		0		0		0		0.5		0.5		0.5		24438.7		61.5575		32.78		1.2425
6.92695e+07		23.102		333.82		0		0.25		0		0.5		0.5		0.5		24610.3		60.6925		33.6075		1.25
6.92775e+07		23.574		333.7		0.5		0		0.25		0.5		0.5		0.5		24783.7		59.84		34.4275		1.26
6.92855e+07		24.0455		333.58		0		0		0.25		0.75		0.5		0.25		24957.5		58.9975		35.2375		1.2675
7.16375e+07		15.6345		150.178		0.5		0.25		0		0.25		0.25		0.25		24978.7		73.87		163.322		1.09
7.16455e+07		15.163		150.066		0		1		0		0.25		0.25		0		24932.9		74.7725		164.253		1.09
7.16535e+07		14.692		149.956		0		0		0.5		0.25		0		0		24890.6		75.68		165.19		1.08
7.16615e+07		14.2203		149.845		0.5		0.25		0		0		0		0		24854		76.5975		166.14		1.08
7.16695e+07		13.749		149.734		0		0.5		0.25		0		0		0		24821.1		77.52		167.093		1.08
7.16775e+07		13.2775		149.624		0		0		0.25		0.5		0.25		0		24793.7		78.45		168.05		1.08
7.16855e+07		12.806		149.514		0.5		0		0.25		0		0		0		24770.6		79.3825		169.012		1.075
7.16935e+07		12.3345		149.405		0		0.25		0		0.25		0.25		0.25		24752.6		80.3225		169.978		1.07
7.17015e+07		11.863		149.296		0		0.5		0		0.25		0.25		0		24739.7		81.2675		170.955		1.07
7.17095e+07		11.3912		149.187		0.25		0.25		0		0.25		0.25		0.25		24731.4		82.2175		171.93		1.07
7.17175e+07		10.92		149.078		0.25		0.5		0		0.25		0.25		0		24728.5		83.175		172.91		1.07
7.17255e+07		10.448		148.969		0		0		0		0.25		0.25		0		24730.3		84.1275		173.898		1.07
7.17335e+07		9.97625		148.861		0.5		1.25		0.5		1		1		0.5		24737.3		85.09		174.887		1.07
7.17415e+07		9.505		148.754		0.25		0		0		0		0		0		24749.5		86.06		175.875		1.07
7.17495e+07		9.033		148.645		0.25		0		0		0.25		0.25		0.25		24767.1		87.0275		176.867		1.0625
7.17575e+07		8.56125		148.538		0		0.25		0.25		0		0		0		24789.3		87.995		177.855		1.06
7.17655e+07		8.09		148.431		0		0.25		0.25		0		0		0		24817		88.9675		178.835		1.06
7.17735e+07		7.618		148.324		0.25		0.25		0.5		0.25		0.25		0		24850		89.9425		179.592		1.06
7.17815e+07		7.14625		148.216		0		1.25		0		0.25		0.25		0		24888.2		90.92		179.075		1.06
7.17895e+07		6.675		148.11		0		0		0.25		1		1		0.5		24931.3		91.895		178.1		1.06
7.17975e+07		6.203		148.003		0.25		0.75		0		0.25		0		0		24980		92.8725		177.105		1.06
7.51575e+07		12.7417		311.055		0		0.5		0.25		0.5		0.25		0.25		22104.8		64.68		27.295		1.26
8.00695e+07		-54.738		305.135		3.25		4		0.5		2115.5		1015.5		24		22394.3		148.482		59.8225		2.1875
8.00775e+07		-54.281		304.889		5		1.25		1		1907.5		963.5		19.25		22246		148.17		59.5		2.16
8.00855e+07		-53.8245		304.647		5.25		2.25		0		1587.5		787.5		23.5		22099.1		147.857		59.18		2.13
8.11175e+07		6.62275		287.192		0.5		0		0.25		0.75		0.75		0.5		22064.1		61.895		33.725		1.3075
8.11255e+07		7.09575		287.085		0		1.25		0.25		1		1		0.75		22235.9		61.1875		34.375		1.3125
8.11335e+07		7.56875		286.978		0		0.5		0.5		0.25		0.25		0		22409.6		60.4825		35.015		1.32
8.11415e+07		8.042		286.87		0		0.25		0.25		0.5		0.5		0.5		22585.5		59.79		35.6525		1.3275
8.11495e+07		8.51475		286.763		0.25		0.25		0		0.5		0.25		0.25		22763.2		59.1		36.2925		1.33
8.11575e+07		8.988		286.655		0		0		0		1.25		1		0.25		22942.6		58.4225		36.9225		1.34
8.11655e+07		9.46075		286.546		0		0		0.75		0.5		0.25		0.25		23124.1		57.7475		37.5475		1.345
8.11735e+07		9.93375		286.439		0		0.5		0.5		0.75		0.5		0.5		23307.1		57.085		38.1675		1.3525
8.11815e+07		10.4065		286.331		0		0.5		0		1		1		0.75		23491.7		56.4275		38.78		1.36
8.11895e+07		10.8795		286.222		0		0.25		0.25		0.75		0.25		0		23678.3		55.7825		39.3975		1.37
8.11975e+07		11.3523		286.113		0		0		0		0.75		0.75		0		23866		55.135		39.9925		1.3775
8.12055e+07		11.825		286.004		0		0.25		1		0		0		0		24055.5		54.5		40.5975		1.385
8.12135e+07		12.298		285.894		0.25		0.25		0.25		0.25		0.25		0.25		24246.4		53.8725		41.195		1.395
8.12215e+07		12.771		285.785		0		0		0		0.25		0		0		24438.3		53.25		41.78		1.4025
8.12295e+07		13.2435		285.675		0		0.25		0.25		0.25		0.25		0		24632.7		52.635		42.365		1.4125
8.61495e+07		-53.8035		279.372		0.5		0.25		0.5		951.5		179.5		1.75		24925.3		150.05		65.035		2.0225
8.61575e+07		-53.3463		279.135		1.25		0.5		0.5		867.5		151.5		1		24794.4		149.73		64.745		1.9975
8.61655e+07		-52.8887		278.902		1		0.75		0.25		927.5		139.5		0.75		24664.7		149.41		64.45		1.9725
8.61735e+07		-52.431		278.674		1.5		0.5		0		869.5		108.25		1.5		24535.9		149.083		64.1475		1.95
8.61815e+07		-51.9722		278.449		1.5		0.75		0.25		785.5		89.5		1		24408.2		148.755		63.85		1.925
8.61895e+07		-51.5138		278.228		1		0		0.25		695.5		99.5		0.75		24281.5		148.428		63.55		1.9025
8.61975e+07		-51.0545		278.011		0.75		0.5		0.75		631.5		137.75		0.25		24155.6		148.095		63.2475		1.88
8.62055e+07		-50.5955		277.798		0.75		0		0.25		552.5		159.5		0		24031.3		147.76		62.9375		1.86
8.62135e+07		-50.1355		277.587		1.5		0.75		0.75		506.5		171.5		0.5		23907.8		147.42		62.635		1.84
8.62215e+07		-49.6755		277.381		2.25		0.25		0.75		509.5		177.5		0.75		23785.8		147.077		62.32		1.82
8.62295e+07		-49.215		277.177		0.5		0.75		0.25		416.5		145.75		0.25		23664.8		146.735		62.01		1.8
8.62375e+07		-48.7545		276.977		1		0.25		0.25		335.5		111.75		0.5		23545.1		146.387		61.695		1.78
8.62455e+07		-48.2933		276.779		1		0.25		0.25		250.5		77.5		0		23426.6		146.033		61.3775		1.76
8.62535e+07		-47.832		276.585		0.5		0.25		0.25		175		50.125		0.75		23309.4		145.678		61.0525		1.74
8.62615e+07		-47.3705		276.393		0		0.25		0.5		137.75		36.875		0.75		23193.7		145.32		60.73		1.7225
8.62695e+07		-46.9085		276.204		1		0.5		0.25		117.25		25.25		1.75		23079.1		144.955		60.4		1.705
8.62775e+07		-46.4465		276.018		0.25		0.25		0.25		114.75		25.625		1		22965.9		144.59		60.0725		1.69
8.62855e+07		-45.9842		275.835		1		0		0		99.75		20		0.75		22854		144.217		59.735		1.675
8.62935e+07		-45.5215		275.654		1.5		0.5		0.25		108.25		28.25		0.75		22743.7		143.84		59.3975		1.655
8.63015e+07		-45.0588		275.475		1		0.25		0.5		99.5		20.75		1.75		22634.6		143.465		59.06		1.64
8.63095e+07		-44.5957		275.298		0.5		0.5		0.25		87.5		20.75		2.25		22526.8		143.075		58.715		1.625
8.63175e+07		-44.1325		275.124		1.5		0.75		0.25		85.5		18.75		3.25		22420.7		142.682		58.36		1.61
8.63255e+07		-43.669		274.952		1.75		0.5		0		73.625		13.5		6		22315.7		142.288		58.01		1.595
8.63335e+07		-43.205		274.782		1		0.75		1.25		58.625		7.5		2.75		22212.3		141.885		57.645		1.5825
8.63415e+07		-42.741		274.614		0.75		0.25		0.25		47.375		9.75		2.5		22110.3		141.482		57.2875		1.565
8.63495e+07		-42.277		274.448		0.5		0.75		1		49.75		7		2.25		22009.6		141.068		56.925		1.5525
